0.000000 0.000000
0.010000 0.542120
0.020000 0.911088
0.030000 0.989057
0.040000 0.751123
0.050000 0.273282
0.060000 -0.291844
0.070000 -0.763756
0.080000 -0.991726
0.090000 -0.902942
0.100000 -0.525760
0.110000 0.019349
0.120000 0.558277
0.130000 0.918893
0.140000 0.986017
0.150000 0.738208
0.160000 0.254618
0.170000 -0.310297
0.180000 -0.776104
0.190000 -0.994025
0.200000 -0.894456
0.210000 -0.509200
0.220000 0.038693
0.230000 0.574229
0.240000 0.926356
0.250000 0.982607
0.260000 0.725016
0.270000 0.235857
0.280000 -0.328634
0.290000 -0.788160
0.300000 -0.995951
0.310000 -0.885637
0.320000 -0.492454
0.330000 0.058018
0.340000 0.589959
0.350000 0.933468
0.360000 0.978831
0.370000 0.711558
0.380000 0.217016
0.390000 -0.346842
0.400000 -0.799918
0.410000 -0.997503
0.420000 -0.876489
0.430000 -0.475527
0.440000 0.077319
0.450000 0.605467
0.460000 0.940231
0.470000 0.974689
0.480000 0.697834
0.490000 0.198094
0.500000 -0.364919
0.510000 -0.811376
0.520000 -0.998683
0.530000 -0.867012
0.540000 -0.458422
0.550000 0.096589
0.560000 0.620748
0.570000 0.946642
0.580000 0.970182
0.590000 0.683849
0.600000 0.179095
0.610000 -0.382860
0.620000 -0.822531
0.630000 -0.999488
0.640000 -0.857212
0.650000 -0.441145
0.660000 0.115824
0.670000 0.635797
0.680000 0.952700
0.690000 0.965312
0.700000 0.669608
0.710000 0.160031
0.720000 -0.400658
0.730000 -0.833379
0.740000 -0.999920
0.750000 -0.847091
0.760000 -0.423702
0.770000 0.135012
0.780000 0.650608
0.790000 0.958400
0.800000 0.960081
0.810000 0.655116
0.820000 0.140907
0.830000 -0.418307
0.839999 -0.843913
0.849999 -0.999978
0.859999 -0.836651
0.869999 -0.406104
0.879999 0.154155
0.889999 0.665177
0.899999 0.963741
0.909999 0.954491
0.919999 0.640378
0.929999 0.121733
0.939999 -0.435796
0.949999 -0.854133
0.959999 -0.999661
0.969999 -0.825901
0.979999 -0.388349
0.989999 0.173241
0.999999 0.679494
1.009999 0.968724
1.019999 0.948543
1.029999 0.625400
1.039999 0.102504
1.049999 -0.453126
1.059999 -0.864034
1.069999 -0.998970
1.079999 -0.814839
1.089999 -0.370450
1.099999 0.192261
1.109999 0.693564
1.119999 0.973342
1.129999 0.942240
1.139999 0.610187
1.149999 0.083247
1.159999 -0.470287
1.169999 -0.873611
1.179999 -0.997906
1.189999 -0.803473
1.199999 -0.352412
1.209999 0.211205
1.219999 0.707367
1.229999 0.977597
1.239999 0.935586
1.249999 0.594750
1.259999 0.063953
1.269999 -0.487271
1.279999 -0.882859
1.289999 -0.996467
1.299999 -0.791805
1.309999 -0.334246
1.319999 0.230074
1.329999 0.720909
1.339999 0.981485
1.349999 0.928580
1.359999 0.579087
1.369999 0.044640
1.379999 -0.504069
1.389999 -0.891779
1.399999 -0.994657
1.409999 -0.779844
1.419999 -0.315951
1.429999 0.248853
1.439999 0.734181
1.449999 0.985007
1.459999 0.921228
1.469999 0.563207
1.479999 0.025305
1.489999 -0.520679
1.499999 -0.900366
1.509999 -0.992474
1.519999 -0.767592
1.529999 -0.297537
1.539999 0.267543
1.549999 0.747171
1.559999 0.988160
1.569999 0.913530
1.579999 0.547125
1.589999 0.005962
1.599999 -0.537097
1.609999 -0.908611
1.619999 -0.989919
1.629999 -0.755049
1.639999 -0.279022
1.649999 0.286133
1.659999 0.759889
1.669999 0.990943
1.679999 0.905490
1.689999 0.530829
1.699999 -0.013385
1.709999 -0.553315
1.719999 -0.916520
1.729999 -0.986994
1.739999 -0.742224
1.749999 -0.260392
1.759999 0.304616
1.769999 0.772322
1.779999 0.993354
1.789999 0.897111
1.799999 0.514335
1.809999 -0.032716
1.819999 -0.569326
1.829999 -0.924087
1.839999 -0.983701
1.849999 -0.729120
1.859999 -0.241666
1.869999 0.322976
1.879999 0.784467
1.889999 0.995395
1.899999 0.888401
1.909999 0.497648
1.919999 -0.052045
1.929999 -0.585115
1.939999 -0.931307
1.949998 -0.980038
1.959998 -0.715751
1.969998 -0.222848
1.979998 0.341224
1.989998 0.796317
1.999998 0.997063
2.009999 0.879349
2.019999 0.480776
2.029999 -0.071364
2.039999 -0.600702
2.049999 -0.938179
2.059999 -0.976007
2.069999 -0.702100
2.079998 -0.203948
2.089998 0.359353
2.099998 0.807870
2.109998 0.998358
2.119998 0.869972
2.129998 0.463723
2.139998 -0.090637
2.149998 -0.616055
2.159998 -0.944700
2.169998 -0.971614
2.179998 -0.688194
2.189998 -0.184971
2.199998 0.377330
2.209998 0.819120
2.219998 0.999279
2.229998 0.860275
2.239998 0.446496
2.249998 -0.109886
2.259998 -0.631171
2.269998 -0.950867
2.279998 -0.966855
2.289998 -0.674029
2.299998 -0.165925
2.309998 0.395175
2.319998 0.830064
2.329998 0.999827
2.339998 0.850252
2.349998 0.429103
2.359998 -0.129093
2.369998 -0.646058
2.379998 -0.956679
2.389998 -0.961735
2.399998 -0.659620
2.409998 -0.146817
2.419998 0.412872
2.429998 0.840691
2.439998 1.000000
2.449998 0.839909
2.459998 0.411558
2.469998 -0.148253
2.479998 -0.660703
2.489998 -0.962129
2.499998 -0.956255
2.509998 -0.644956
2.519998 -0.127663
2.529998 0.430414
2.539998 0.851010
2.549998 0.999799
2.559998 0.829253
2.569998 0.393850
2.579998 -0.167356
2.589998 -0.675101
2.599998 -0.967223
2.609998 -0.950417
2.619998 -0.630052
2.629998 -0.108452
2.639998 0.447795
2.649998 0.861010
2.659998 0.999224
2.669998 0.818286
2.679998 0.375994
2.689998 -0.186388
2.699998 -0.689246
2.709998 -0.971954
2.719998 -0.944226
2.729998 -0.614911
2.739998 -0.089200
2.749998 0.465000
2.759998 0.870687
2.769998 0.998274
2.779998 0.807019
2.789998 0.357998
2.799998 -0.205360
2.809998 -0.703126
2.819998 -0.976322
2.829998 -0.937679
2.839998 -0.599548
2.849998 -0.069925
2.859998 0.482048
2.869998 0.880039
2.879998 0.996952
2.889998 0.795444
2.899998 0.339877
2.909998 -0.224245
2.919998 -0.716757
2.929998 -0.980324
2.939998 -0.930781
2.949998 -0.583953
2.959998 -0.050614
2.969998 0.498890
2.979998 0.889062
2.989998 0.995256
2.999998 0.783571
3.009998 0.321620
3.019998 -0.243055
3.029998 -0.730100
3.039998 -0.983959
3.049998 -0.923535
3.059998 -0.568139
3.069998 -0.031284
3.079998 0.515563
3.089998 0.897751
3.099998 0.993187
3.109998 0.771405
3.119998 0.303242
3.129997 -0.261775
3.139997 -0.743183
3.149997 -0.987226
3.159997 -0.915943
3.169997 -0.552113
3.179997 -0.011942
3.189997 0.532043
3.199997 0.906097
3.209997 0.990747
3.219997 0.758951
3.229997 0.284751
3.239997 -0.280397
3.249997 -0.755988
3.259997 -0.990121
3.269997 -0.908008
3.279997 -0.535880
3.289997 0.007404
3.299997 0.548323
3.309997 0.914112
3.319997 0.987939
3.329997 0.746212
3.339997 0.266153
3.349997 -0.298914
3.359997 -0.768509
3.369997 -0.992648
3.379997 -0.899733
3.389997 -0.519447
3.399997 0.026747
3.409997 0.564398
3.419997 0.921784
3.429997 0.984759
3.439997 0.733194
3.449997 0.247456
3.459997 -0.317319
3.469997 -0.780743
3.479997 -0.994804
3.489997 -0.891130
3.499997 -0.502819
3.509997 0.046081
3.519997 0.580262
3.529997 0.929112
3.539997 0.981210
3.549997 0.719915
3.559997 0.228666
3.569997 -0.335605
3.579997 -0.792685
3.589997 -0.996587
3.599997 -0.882186
3.609997 -0.486020
3.619997 0.065397
3.629997 0.595909
3.639997 0.936092
3.649997 0.977293
3.659997 0.706354
3.669997 0.209809
3.679997 -0.353765
3.689997 -0.804330
3.699997 -0.997998
3.709997 -0.872911
3.719997 -0.469022
3.729997 0.084688
3.739997 0.611333
3.749997 0.942722
3.759997 0.973011
3.769997 0.692528
3.779997 0.190855
3.789997 -0.371794
3.799997 -0.815675
3.809997 -0.999034
3.819997 -0.863309
3.829997 -0.451849
3.839997 0.103929
3.849997 0.626528
3.859997 0.948999
3.869997 0.968365
3.879997 0.678442
3.889997 0.171830
3.899997 -0.389665
3.909997 -0.826713
3.919997 -0.999697
3.929997 -0.853385
3.939997 -0.434506
3.949997 0.123150
3.959997 0.641474
3.969997 0.954920
3.979997 0.963357
3.989997 0.664103
3.999997 0.152740
4.009997 -0.407426
4.019997 -0.837453
4.029997 -0.999986
4.039998 -0.843109
4.049998 -0.416931
4.059998 0.142402
4.069998 0.656268
4.079998 0.960512
4.089999 0.957954
4.099999 0.649412
4.109999 0.133439
4.119999 -0.425157
4.130000 -0.847952
4.140000 -0.999898
4.150000 -0.832473
4.160000 -0.399144
4.170001 0.161677
4.180001 0.670857
4.190001 0.965755
4.200001 0.952177
4.210001 0.634460
4.220002 0.114106
4.230002 -0.442709
4.240002 -0.858117
4.250002 -0.999430
4.260003 -0.821510
4.270003 -0.381188
4.280003 0.180891
4.290003 0.685191
4.300004 0.970626
4.310004 0.946044
4.320004 0.619281
4.330004 0.094711
4.340004 -0.460111
4.350005 -0.867967
4.360005 -0.998581
4.370005 -0.810235
4.380005 -0.363106
4.390006 0.200016
4.400006 0.699250
4.410006 0.975133
4.420006 0.939545
4.430007 0.603852
4.440007 0.075280
4.450007 -0.477337
4.460007 -0.877477
4.470007 -0.997355
4.480008 -0.798663
4.490008 -0.344867
4.500008 0.219085
4.510008 0.713058
4.520009 0.979270
4.530009 0.932688
4.540009 0.588209
4.550009 0.055840
4.560009 -0.494365
4.570010 -0.886663
4.580010 -0.995748
4.590010 -0.786776
4.600010 -0.326497
4.610011 0.238070
4.620011 0.726581
4.630011 0.983030
4.640011 0.925485
4.650012 0.572327
4.660012 0.036359
4.670012 -0.511222
4.680012 -0.895512
4.690012 -0.993762
4.700013 -0.774602
4.710013 -0.308021
4.720013 0.256946
4.730013 0.739841
4.740014 0.986420
4.750014 0.917922
4.760014 0.556227
4.770014 0.016864
4.780015 -0.527869
4.790015 -0.904012
4.800015 -0.991400
4.810015 -0.762122
4.820015 -0.289410
4.830016 0.275743
4.840016 0.752820
4.850016 0.989435
4.860016 0.910019
4.870017 0.539932
4.880017 -0.002618
4.890017 -0.544331
4.900017 -0.912177
4.910017 -0.988660
4.920018 -0.749351
4.930018 -0.270689
4.940018 0.294417
4.950018 0.765501
4.960019 0.992072
4.970019 0.901761
4.980019 0.523415
4.990019 -0.022118
5.000020 -0.560586
5.010020 -0.919994
5.020020 -0.985547
5.030020 -0.736309
5.040020 -0.251883
5.050021 0.312998
5.060021 0.777902
5.070021 0.994334
5.080021 0.893161
5.090022 0.506699
5.100022 -0.041590
5.110022 -0.576612
5.120022 -0.927455
5.130023 -0.982056
5.140023 -0.722974
5.150023 -0.232963
5.160023 0.331459
5.170023 0.790008
5.180024 0.996216
5.190024 0.884230
5.200024 0.489808
5.210024 -0.061066
5.220025 -0.592435
5.230025 -0.934571
5.240025 -0.978192
5.250025 -0.709364
5.260026 -0.213974
5.270026 0.349776
5.280026 0.801802
5.290026 0.997722
5.300026 0.874954
5.310027 0.472713
5.320027 -0.080519
5.330027 -0.608032
5.340027 -0.941324
5.350028 -0.973960
5.360028 -0.695498
5.370028 -0.194884
5.380028 0.367978
5.390028 0.813303
5.400029 0.998847
5.410029 0.865345
5.420029 0.455456
5.430029 -0.099922
5.440030 -0.623383
5.450030 -0.947727
5.460030 -0.969353
5.470030 -0.681354
5.480031 -0.175720
5.490031 0.386041
5.500031 0.824484
5.510031 0.999593
5.520031 0.855417
5.530032 0.438009
5.540032 -0.119306
5.550032 -0.638513
5.560032 -0.953769
5.570033 -0.964378
5.580033 -0.666965
5.590033 -0.156509
5.600033 0.403939
5.610034 0.835362
5.620034 0.999959
5.630034 0.845154
5.640034 0.420395
5.650034 -0.138645
5.660035 -0.653384
5.670035 -0.959443
5.680035 -0.959042
5.690035 -0.652294
5.700036 -0.137238
5.710036 0.421683
5.720036 0.845913
5.730036 0.999945
5.740036 0.834581
5.750037 0.402639
5.760037 -0.157911
5.770037 -0.668023
5.780037 -0.964758
5.790038 -0.953335
5.800038 -0.637404
5.810038 -0.117876
5.820038 0.439303
5.830039 0.856162
5.840039 0.999551
5.850039 0.823668
5.860039 0.384730
5.870039 -0.177118
5.880040 -0.682393
5.890040 -0.969701
5.900040 -0.947273
5.910040 -0.622272
5.920041 -0.098508
5.930041 0.456720
5.940041 0.866066
5.950041 0.998777
5.960042 0.812465
5.970042 0.366639
5.980042 -0.196296
5.990042 -0.696532
6.000042 -0.974285
6.010043 -0.940838
6.020043 -0.606904
6.030043 -0.079103
6.040043 0.473964
6.050044 0.875641
6.060044 0.997625
6.070044 0.800953
6.080044 0.348445
6.090044 -0.215361
6.100045 -0.710378
6.110045 -0.978490
6.120045 -0.934058
6.130045 -0.591274
6.140046 -0.059629
6.150046 0.491062
6.160046 0.884901
6.170046 0.996090
6.180047 0.789137
6.190047 0.330119
6.200047 -0.234344
6.210047 -0.723954
6.220047 -0.982323
6.230048 -0.926923
6.240048 -0.575451
6.250048 -0.040171
6.260048 0.507940
6.270049 0.893807
6.280049 0.994180
6.290049 0.776997
6.300049 0.311630
6.310050 -0.253276
6.320050 -0.737282
6.330050 -0.985790
6.340050 -0.919437
6.350050 -0.559409
6.360051 -0.020698
6.370051 0.524625
6.380051 0.902374
6.390051 0.991892
6.400052 0.764586
6.410052 0.293059
6.420052 -0.272074
6.430052 -0.750304
6.440053 -0.988875
6.450053 -0.911586
6.460053 -0.543122
6.470053 -0.001178
6.480053 0.541143
6.490054 0.910615
6.500054 0.989229
6.510054 0.751885
6.520054 0.274378
6.530055 -0.290769
6.540055 -0.763040
6.550055 -0.991585
6.560055 -0.903404
6.570055 -0.526662
6.580056 0.018304
6.590056 0.557423
6.600056 0.918493
6.610056 0.986183
6.620057 0.738872
6.630057 0.255555
6.640057 -0.309391
6.650057 -0.775512
6.660058 -0.993919
6.670058 -0.894879
6.680058 -0.510001
6.690058 0.037778
6.700058 0.573491
6.710059 0.926022
6.720059 0.982768
6.730059 0.725604
6.740059 0.236672
6.750060 -0.327857
6.760060 -0.787664
6.770060 -0.995879
6.780060 -0.885996
6.790061 -0.493113
6.800061 0.057277
6.810061 0.589373
6.820061 0.933200
6.830061 0.978981
6.840062 0.712061
6.850062 0.217699
6.860062 -0.346200
6.870062 -0.799517
6.880063 -0.997457
6.890063 -0.876795
6.900063 -0.476072
6.910063 0.076716
6.920063 0.604999
6.930064 0.940037
6.940064 0.974813
6.950064 0.698220
6.960064 0.198605
6.970065 -0.364447
6.980065 -0.811067
6.990065 -0.998656
7.000065 -0.867260
7.010066 -0.458849
7.020066 0.096125
7.030066 0.620396
7.040066 0.946503
7.050066 0.970283
7.060067 0.684141
7.070067 0.179474
7.080067 -0.382519
7.090067 -0.822330
7.100068 -0.999478
7.110068 -0.857377
7.120068 -0.441418
7.130068 0.115537
7.140069 0.635557
7.150069 0.952610
7.160069 0.965385
7.170069 0.669803
7.180069 0.160275
7.190070 -0.400446
7.200070 -0.833259
7.210070 -0.999918
7.220070 -0.847187
7.230071 -0.423853
7.240071 0.134866
7.250071 0.650506
7.260071 0.958366
7.270072 0.960110
7.280072 0.655181
7.290072 0.140977
7.300072 -0.418221
7.310072 -0.843872
7.320073 -0.999978
7.330073 -0.836676
7.340073 -0.406128
7.350073 0.154143
7.360074 0.665179
7.370074 0.963747
7.380074 0.954480
7.390074 0.640339
7.400074 0.121663
7.410075 -0.435873
7.420075 -0.854185
7.430075 -0.999658
7.440075 -0.825826
7.450076 -0.388213
7.460076 0.173363
7.470076 0.679599
7.480076 0.968762
7.490077 0.948488
7.500077 0.625254
7.510077 0.102304
7.520077 -0.453323
7.530077 -0.864152
7.540078 -0.998959
7.550078 -0.814683
7.560078 -0.370186
7.570078 0.192554
7.580079 0.693789
7.590079 0.973418
7.600079 0.942123
7.610079 0.609901
7.620080 0.082905
7.630080 -0.470602
7.640080 -0.873792
7.650080 -0.997880
7.660080 -0.803231
7.670081 -0.352018
7.680081 0.211634
7.690081 0.707688
7.700081 0.977696
7.710082 0.935413
7.720082 0.594346
7.730082 0.063437
7.740082 -0.487736
7.750082 -0.883118
7.760083 -0.996420
7.770083 -0.791451
7.780083 -0.333717
7.790083 0.230634
7.800084 0.721318
7.810084 0.981602
7.820084 0.928348
7.830084 0.578566
7.840085 0.043982
7.850085 -0.504650
7.860085 -0.892090
7.870085 -0.994584
7.880085 -0.779393
7.890086 -0.315252
7.900086 0.249584
7.910086 0.734700
7.920086 0.985142
7.930087 0.920915
7.940087 0.562567
7.950087 0.024512
7.960087 -0.521373
7.970088 -0.900724
7.980088 -0.992370
7.990088 -0.767039
8.000088 -0.296742
8.010088 0.268364
8.020088 0.747751
8.030088 0.988295
8.040089 0.913163
8.050089 0.546354
8.060089 0.005031
8.070089 -0.537898
8.080090 -0.909015
8.090090 -0.989780
8.100090 -0.754394
8.110090 -0.278044
8.120090 0.287117
8.130091 0.760569
8.140091 0.991079
8.150091 0.905049
8.160091 0.529934
8.170092 -0.014451
8.180092 -0.554219
8.190092 -0.916962
8.200092 -0.986814
8.210093 -0.741463
8.220093 -0.259278
8.230093 0.305724
8.240093 0.773073
8.250093 0.993492
8.260094 0.896575
8.270094 0.513279
8.280094 -0.033966
8.290094 -0.570361
8.300095 -0.924575
8.310095 -0.983473
8.320095 -0.728251
8.330095 -0.240414
8.340096 0.324214
8.350096 0.785284
8.360096 0.995522
8.370096 0.887776
8.380096 0.496462
8.390097 -0.053430
8.400097 -0.586255
8.410097 -0.931822
8.420097 -0.979752
8.430098 -0.714734
8.440098 -0.221421
8.450098 0.342618
8.460098 0.797196
8.470098 0.997175
8.480099 0.878641
8.490099 0.479457
8.500099 -0.072873
8.510099 -0.601926
8.520100 -0.938715
8.530100 -0.975665
8.540100 -0.700974
8.550100 -0.202381
8.560101 0.360855
8.570101 0.808829
8.580101 0.998451
8.590101 0.869153
8.600101 0.462235
8.610102 -0.092327
8.620102 -0.617399
8.630102 -0.945252
8.640102 -0.971209
8.650103 -0.686947
8.660103 -0.183264
8.670103 0.378956
8.680103 0.820131
8.690104 0.999345
8.700104 0.859354
8.710104 0.444872
8.720104 -0.111708
8.730104 -0.632607
8.740105 -0.951442
8.750105 -0.966373
8.760105 -0.672630
8.770105 -0.164040
8.780106 0.396912
8.790106 0.831123
8.800106 0.999861
8.810106 0.849229
8.820107 0.427341
8.830107 -0.131046
8.840107 -0.647575
8.850107 -0.957259
8.860107 -0.961180
8.870108 -0.658087
8.880108 -0.144791
8.890108 0.414753
8.900108 0.841819
8.910109 0.999996
8.920109 0.838760
8.930109 0.409611
8.940109 -0.150373
8.950109 -0.662297
8.960110 -0.962712
8.970110 -0.955623
8.980110 -0.643294
8.990110 -0.125488
9.000111 0.432401
9.010111 0.852175
9.020111 0.999751
9.030111 0.827993
9.040112 0.391761
9.050112 -0.169604
9.060112 -0.676796
9.070112 -0.967809
9.080112 -0.949690
9.090113 -0.628226
9.100113 -0.106137
9.110113 0.449885
9.120113 0.862207
9.130114 0.999127
9.140114 0.816912
9.150114 0.373763
9.160114 -0.188771
9.170115 -0.691009
9.180115 -0.972529
9.190115 -0.943408
9.200115 -0.612950
9.210115 -0.086706
9.220116 0.467232
9.230116 0.871930
9.240116 0.998121
9.250116 0.805498
9.260117 0.355586
9.270117 -0.207866
9.280117 -0.704960
9.290117 -0.976879
9.300117 -0.936769
9.310118 -0.597441
9.320118 -0.067282
9.330118 0.484368
9.340118 0.881304
9.350119 0.996738
9.360119 0.793800
9.370119 0.337311
9.380119 -0.226921
9.390120 -0.718670
9.400120 -0.980866
9.410120 -0.929759
9.420120 -0.581705
9.430120 -0.047832
9.440121 0.501319
9.450121 0.890342
9.460121 0.994977
9.470121 0.781801
9.480122 0.318907
9.490122 -0.245851
9.500122 -0.732080
9.510122 -0.984473
9.520123 -0.922410
9.530123 -0.565717
9.540123 -0.028325
9.550123 0.518114
9.560123 0.899060
9.570124 0.992833
9.580124 0.769481
9.590124 0.300383
9.600124 -0.264687
9.610125 -0.745212
9.620125 -0.987705
9.630125 -0.914711
9.640125 -0.549545
9.650126 -0.008846
9.660126 0.534678
9.670126 0.907419
9.680126 0.990317
9.690126 0.756893
9.700127 0.281707
9.710127 -0.283461
9.720127 -0.758087
9.730127 -0.990569
9.740128 -0.906665
9.750128 -0.533165
9.760128 0.010636
9.770128 0.551040
9.780128 0.915433
9.790129 0.987424
9.800129 0.744017
9.810129 0.262961
9.820129 -0.302089
9.830130 -0.770648
9.840130 -0.993050
9.850130 -0.898258
9.860130 -0.516549
9.870131 0.030153
9.880131 0.567224
9.890131 0.923115
9.900131 0.984150
9.910131 0.730860
9.920132 0.244115
9.930132 -0.320603
9.940132 -0.782916
9.950132 -0.995154
9.960133 -0.889526
9.970133 -0.499770
9.980133 0.049620
9.990133 0.583160
10.000134 0.930431
10.010134 0.980508
10.020134 0.717397
10.030134 0.225139
10.040134 -0.339032
10.050135 -0.794911
10.060135 -0.996881
10.070135 -0.880456
10.080135 -0.482801
10.090136 0.069068
10.100136 0.598875
10.110136 0.937394
10.120136 0.976495
10.130136 0.703689
10.140137 0.206115
10.150137 -0.357295
10.160137 -0.806580
10.170137 -0.998232
10.180138 -0.871034
10.190138 -0.465615
10.200138 0.088528
10.210138 0.614394
10.220139 0.944013
10.230139 0.972110
10.240139 0.689714
10.250139 0.187013
10.260139 -0.375423
10.270140 -0.817943
10.280140 -0.999200
10.290140 -0.861299
10.300140 -0.448286
10.310141 0.107916
10.320141 0.629648
10.330141 0.950261
10.340141 0.967347
10.350142 0.675448
10.360142 0.167802
10.370142 -0.393443
10.380142 -0.828995
10.390142 -0.999790
10.400143 -0.851237
10.410143 -0.430786
10.420143 0.127263
10.430143 0.644663
10.440144 0.956148
10.450144 0.962226
10.460144 0.660955
10.470144 0.148565
10.480145 -0.411279
10.490145 -0.839754
10.500145 -1.000000
10.510145 -0.840831
10.520145 -0.413088
10.530146 0.146600
10.540146 0.659463
10.550146 0.961673
10.560146 0.956739
10.570147 0.646210
10.580147 0.129271
10.590147 -0.428958
10.600147 -0.850172
10.610147 -0.999829
10.620148 -0.830126
10.630148 -0.395268
10.640148 0.165843
10.650148 0.673983
10.660149 0.966842
10.670149 0.950878
10.680149 0.631190
10.690149 0.109890
10.700150 -0.446475
10.710150 -0.860268
10.720150 -0.999279
10.730150 -0.819106
10.740150 -0.377299
10.750151 0.185023
10.760151 0.688246
10.770151 0.971633
10.780151 0.944667
10.790152 0.615960
10.800152 0.090506
10.810152 -0.463856
10.820152 -0.870056
10.830153 -0.998348
10.840153 -0.807752
10.850153 -0.359149
10.860153 0.204171
10.870153 0.702249
10.880154 0.976056
10.890154 0.938097
10.900154 0.600496
10.910154 0.071088
10.920155 -0.481027
10.930155 -0.879494
10.940155 -0.997039
10.950155 -0.796114
10.960155 -0.340900
10.970156 0.223204
10.980156 0.716012
10.990156 0.980116
11.000156 0.931157
11.010157 0.584773
11.020157 0.051642
11.030157 -0.498015
11.040157 -0.888599
11.050158 -0.995351
11.060158 -0.784174
11.070158 -0.322521
11.080158 0.242151
11.090158 0.729476
11.100159 0.983796
11.110159 0.923877
11.120159 0.568858
11.130159 0.032138
11.140160 -0.514847
11.150160 -0.897383
11.160160 -0.993282
11.170160 -0.771912
11.180161 -0.303982
11.190161 0.261007
11.200161 0.742663
11.210161 0.987102
11.220161 0.916246
11.230162 0.552728
11.240162 0.012661
11.250162 -0.531451
11.260162 -0.905809
11.270163 -0.990839
11.280163 -0.759381
11.290163 -0.285365
11.300163 0.279800
11.310163 0.755593
11.320164 0.990039
11.330164 0.908252
11.340164 0.536388
11.350164 -0.006821
11.360165 -0.547852
11.370165 -0.913891
11.380165 -0.988020
11.390165 -0.746561
11.400166 -0.266639
11.410166 0.298450
11.420166 0.768211
11.430166 0.992594
11.440166 0.899928
11.450167 0.519812
11.460167 -0.026340
11.470167 -0.564078
11.480167 -0.921641
11.490168 -0.984819
11.500168 -0.733432
11.510168 -0.247775
11.520168 0.317024
11.530169 0.780561
11.540169 0.994776
11.550169 0.891245
11.560169 0.503037
11.570169 -0.045848
11.580170 -0.580089
11.590170 -0.929012
11.600170 -0.981258
11.610170 -0.720077
11.620171 -0.228892
11.630171 0.335404
11.640171 0.792567
11.650171 0.996573
11.660172 0.882259
11.670172 0.486138
11.680172 -0.065261
11.690172 -0.595816
11.700172 -0.936058
11.710173 -0.977310
11.720173 -0.706395
11.730173 -0.209847
11.740173 0.353729
11.750174 0.804319
11.760174 0.997998
11.770174 0.872901
11.780174 0.468988
11.790174 -0.084728
11.800175 -0.611379
11.810175 -0.942748
11.820175 -0.972989
11.830175 -0.692443
11.840176 -0.190721
11.850176 0.371920
11.860176 0.815765
11.870176 0.999042
11.880177 0.863211
11.890177 0.451658
11.900177 -0.104084
11.910177 -0.626649
11.920177 -0.949054
11.930178 -0.968317
11.940178 -0.678285
11.950178 -0.171599
11.960178 0.389898
11.970179 0.826856
11.980179 0.999704
11.990179 0.853233
12.000179 0.434226
12.010180 -0.123478
12.020180 -0.641742
12.030180 -0.955024
12.040180 -0.963257
12.050180 -0.663813
12.060181 -0.152336
12.070181 0.407799
12.080181 0.837677
12.090181 0.999988
12.100182 0.842890
12.110182 0.416559
12.120182 -0.142826
12.130182 -0.656590
12.140182 -0.960630
12.150183 -0.957831
12.160183 -0.649087
12.170183 -0.133015
12.180183 0.425544
12.190184 0.848178
12.200184 0.999892
12.210184 0.832225
12.220184 0.398734
12.230185 -0.162042
12.240185 -0.671131
12.250185 -0.965851
12.260185 -0.952064
12.270185 -0.634174
12.280186 -0.113720
12.290186 0.443058
12.300186 0.858317
12.310186 0.999417
12.320187 0.821288
12.330187 0.380829
12.340187 -0.181273
12.350187 -0.685474
12.360188 -0.970724
12.370188 -0.945911
12.380188 -0.618960
12.390188 -0.094305
12.400188 0.460473
12.410189 0.868169
12.420189 0.998560
12.430189 0.809995
12.440189 0.362707
12.450190 -0.200435
12.460190 -0.699556
12.470190 -0.975228
12.480190 -0.939398
12.490191 -0.603511
12.500191 -0.074854
12.510191 0.477713
12.520191 0.877691
12.530191 0.997322
12.540192 0.798441
12.550192 0.344520
12.560192 -0.219445
12.570192 -0.713317
12.580193 -0.979344
12.590193 -0.932555
12.600193 -0.587894
12.610193 -0.055452
12.620193 0.494703
12.630194 0.886843
12.640194 0.995712
12.650194 0.786536
12.660194 0.326129
12.670195 -0.238448
12.680195 -0.726861
12.690195 -0.983105
12.700195 -0.925330
12.710196 -0.571992
12.720196 -0.035951
12.730196 0.511573
12.740196 0.895693
12.750196 0.993716
12.760197 0.774331
12.770197 0.307614
12.780197 -0.257360
12.790197 -0.740129
12.800198 -0.986490
12.810198 -0.917752
12.820198 -0.555871
12.830198 -0.016436
12.840199 0.528248
12.850199 0.904203
12.860199 0.991342
12.870199 0.761882
12.880199 0.289056
12.890200 -0.276099
12.900200 -0.753063
12.910200 -0.989489
12.920200 -0.909857
12.930201 -0.539604
12.940201 0.003007
12.950201 0.544657
12.960201 0.912336
12.970201 0.988602
12.980202 0.749094
12.990202 0.270314
13.000202 -0.294807
13.010202 -0.765763
13.020203 -0.992123
13.030203 -0.901585
13.040203 -0.523067
13.050203 0.022526
13.060204 0.560924
13.070204 0.920154
13.080204 0.985474
13.090204 0.736019
13.100204 0.251469
13.110205 -0.313404
13.120205 -0.778171
13.130205 -0.994379
13.140205 -0.892968
13.150206 -0.506330
13.160206 0.042037
13.170206 0.576977
13.180206 0.927593
13.190207 0.981986
13.200207 0.722719
13.210207 0.232604
13.220207 -0.331808
13.230207 -0.790235
13.240208 -0.996250
13.250208 -0.884048
13.260208 -0.489469
13.270208 0.061454
13.280209 0.592748
13.290209 0.934709
13.300209 0.978111
13.310209 0.709090
13.320210 0.213575
13.330210 -0.350159
13.340210 -0.802046
13.350210 -0.997749
13.360210 -0.874756
13.370211 -0.472353
13.380211 0.080926
13.390211 0.608356
13.400211 0.941469
13.410212 0.973863
13.420212 0.695190
13.430212 0.194465
13.440212 -0.368376
13.450212 -0.813552
13.460213 -0.998868
13.470213 -0.865131
13.480213 -0.455058
13.490213 0.100367
13.500214 0.623733
13.510214 0.947845
13.520214 0.969262
13.530214 0.681083
13.540215 0.175356
13.550215 -0.386382
13.560215 -0.824704
13.570215 -0.999604
13.580215 -0.855216
13.590216 -0.437659
13.600216 0.119692
13.610216 0.638812
13.620216 0.953886
13.630217 0.964275
13.640217 0.666661
13.650217 0.156105
13.660217 -0.404312
13.670218 -0.835587
13.680218 -0.999963
13.690218 -0.844936
13.700218 -0.420025
13.710218 0.139049
13.720219 0.653708
13.730219 0.959564
13.740219 0.958920
13.750219 0.651984
13.760220 0.136795
13.770220 -0.422089
13.780220 -0.846151
13.790220 -0.999941
13.800220 -0.834334
13.810221 -0.402230
13.820221 0.158276
13.830221 0.668298
13.840221 0.964855
13.850222 0.953224
13.860222 0.637119
13.870222 0.117509
13.880222 -0.439635
13.890223 -0.856353
13.900223 -0.999540
13.910223 -0.823459
13.920223 -0.384353
13.930223 0.177520
13.940224 0.682691
13.950224 0.969801
13.960224 0.947142
13.970224 0.621952
13.980225 0.098102
13.990225 -0.457084
14.000225 -0.866270
14.010225 -0.998757
14.020226 -0.812227
14.030226 -0.366259
14.040226 0.196697
14.050226 0.696825
14.060226 0.974377
14.070227 0.940699
14.080227 0.606548
14.090227 0.078657
14.100227 -0.474358
14.110228 -0.875857
14.120228 -0.997594
14.130228 -0.800685
14.140228 -0.348026
14.150229 0.215722
14.160229 0.710638
14.170229 0.978566
14.180229 0.933926
14.190229 0.590976
14.200230 0.059260
14.210230 -0.491384
14.220230 -0.885073
14.230230 -0.996057
14.240231 -0.788886
14.250231 -0.329733
14.260231 0.234741
14.270231 0.724236
14.280231 0.982399
14.290232 0.926770
14.300232 0.575117
14.310232 0.039763
14.320232 -0.508292
14.330233 -0.893991
14.340233 -0.994136
14.350233 -0.776740
14.360233 -0.311242
14.370234 0.253671
14.380234 0.737558
14.390234 0.985858
14.400234 0.919261
14.410234 0.559038
14.420235 0.020251
14.430235 -0.525005
14.440235 -0.902567
14.450235 -0.991836
14.460236 -0.764348
14.470236 -0.292706
14.480236 0.272430
14.490236 0.750548
14.500237 0.988930
14.510237 0.911434
14.520237 0.542812
14.530237 0.000808
14.540237 -0.541454
14.550238 -0.910767
14.560238 -0.989169
14.570238 -0.751615
14.580238 -0.273985
14.590239 0.291160
14.600239 0.763304
14.610239 0.991638
14.620239 0.903228
14.630239 0.526314
14.640240 -0.018712
14.650240 -0.557762
14.660240 -0.918654
14.670240 -0.986115
14.680241 -0.738597
14.690241 -0.255160
14.700241 0.309779
14.710241 0.775770
14.720242 0.993968
14.730242 0.894679
14.740242 0.509616
14.750242 -0.038225
14.760242 -0.573857
14.770243 -0.926191
14.780243 -0.982686
14.790243 -0.725350
14.800243 -0.236313
14.810244 0.328206
14.820244 0.787892
14.830244 0.995913
14.840244 0.885825
14.850245 0.492792
14.860245 -0.057646
14.870245 -0.589671
14.880245 -0.933346
14.890245 -0.978897
14.900246 -0.711774
14.910246 -0.217300
14.920246 0.346583
14.930246 0.799762
14.940247 0.997486
14.950247 0.876598
14.960247 0.475712
14.970247 -0.077123
14.980247 -0.605324
14.990248 -0.940176
15.000248 -0.974722
15.010248 -0.697928
15.020248 -0.198205
15.030249 0.364827
15.040249 0.811328
15.050249 0.998679
15.060249 0.867038
15.070250 0.458452
15.080250 -0.096570
15.090250 -0.620746
15.100250 -0.946622
15.110250 -0.970194
15.120251 -0.683872
15.130251 -0.179111
15.140251 0.382860
15.150251 0.822541
15.160252 0.999489
15.170252 0.857187
15.180252 0.441086
15.190252 -0.115904
15.200253 -0.635872
15.210253 -0.952734
15.220253 -0.965279
15.230253 -0.669499
15.240253 -0.159872
15.250254 0.400820
15.260254 0.833485
15.270254 0.999923
15.280254 0.846970
15.290255 0.423483
15.300255 -0.135270
15.310255 -0.650817
15.320255 -0.958483
15.330256 -0.959996
15.340256 -0.654872
15.350256 -0.140573
15.360256 0.418628
15.370256 0.844112
15.380257 0.999975
15.390257 0.836431
15.400257 0.405719
15.410257 -0.154585
15.420258 -0.665513
15.430258 -0.963846
15.440258 -0.954370
15.450258 -0.640055
15.460258 -0.121297
15.470259 0.436205
15.480259 0.854377
15.490259 0.999648
15.500259 0.825617
15.510260 0.387872
15.520260 -0.173765
15.530260 -0.679899
15.540260 -0.968863
15.550261 -0.948359
15.560261 -0.624935
15.570261 -0.101898
15.580261 0.453687
15.590261 0.864358
15.600262 0.998940
15.610262 0.814446
15.620262 0.369806
15.630262 -0.192955
15.640263 -0.694083
15.650263 -0.973512
15.660263 -0.941986
15.670263 -0.609577
15.680264 -0.082460
15.690264 0.470996
15.700264 0.874009
15.710264 0.997851
15.720264 0.802965
15.730265 0.351600
15.740265 -0.211995
15.750265 -0.707949
15.760265 -0.977773
15.770266 -0.935282
15.780266 -0.594049
15.790266 -0.063068
15.800266 0.488058
15.810266 0.883291
15.820267 0.996388
15.830267 0.791225
15.840267 0.333332
15.850267 -0.231032
15.860268 -0.721600
15.870268 -0.981679
15.880268 -0.928196
15.890268 -0.578233
15.900269 -0.043574
15.910269 0.505003
15.920269 0.892275
15.930269 0.994541
15.940269 0.779137
15.950270 0.314865
15.960270 -0.249980
15.970270 -0.734977
15.980270 -0.985212
15.990271 -0.920756
16.000271 -0.562197
16.010271 -0.024065
16.020271 0.521755
16.030272 0.900918
16.040272 0.992315
16.050272 0.766752
16.060272 0.296277
16.070272 -0.268757
16.080273 -0.748022
16.090273 -0.988357
16.100273 -0.912997
16.110273 -0.546012
16.120274 -0.004623
16.130274 0.538242
16.140274 0.909185
16.150274 0.989721
16.160275 0.754126
16.170275 0.277652
16.180275 -0.287508
16.190275 -0.760834
16.200275 -0.991139
16.210276 -0.904859
16.220276 -0.529554
16.230276 0.014898
16.240276 0.554591
16.250277 0.917140
16.260277 0.986741
16.270277 0.741163
16.280277 0.258846
16.290277 -0.306149
16.300278 -0.773357
16.310278 -0.993543
16.320278 -0.896377
16.330278 -0.512895
16.340279 0.034413
16.350279 0.570729
16.360279 0.924746
16.370279 0.983385
16.380280 0.727971
16.390280 0.240018
16.400280 -0.324601
16.410280 -0.785537
16.420280 -0.995561
16.430281 -0.887589
16.440281 -0.496108
16.450281 0.053837
16.460281 0.586586
16.470282 0.931970
16.480282 0.979670
16.490282 0.714449
16.500282 0.221022
16.510283 -0.343002
16.520283 -0.797466
16.530283 -0.997208
16.540283 -0.878428
16.550283 -0.479064
16.560284 0.073319
16.570284 0.602283
16.580284 0.938869
16.590284 0.975567
16.600285 0.700655
16.610285 0.201943
16.620285 -0.361272
16.630285 -0.809092
16.640285 -0.998476
16.650286 -0.868932
16.660286 -0.461839
16.670286 0.092773
16.680286 0.617751
16.690287 0.945411
16.700287 0.971093
16.710287 0.686650
16.720287 0.182863
16.730288 -0.379333
16.740288 -0.820365
16.750288 -0.999360
16.760288 -0.859145
16.770288 -0.444507
16.780289 0.112114
16.790289 0.632923
16.800289 0.951568
16.810289 0.966268
16.820290 0.672328
16.830290 0.163637
16.840290 -0.397322
16.850290 -0.831371
16.860291 -0.999868
16.870291 -0.848992
16.880291 -0.426936
16.890291 0.131489
16.900291 0.647915
16.910292 0.957388
16.920292 0.961057
16.930292 0.657750
16.940292 0.144349
16.950293 -0.415160
16.960293 -0.842061
16.970293 -0.999995
16.980293 -0.838516
16.990294 -0.409203
17.000294 0.150815
17.010294 0.662661
17.020294 0.962822
17.030294 0.955502
17.040295 0.642981
17.050295 0.125082
17.060295 -0.432769
17.070295 -0.852388
17.080296 -0.999742
17.090296 -0.827764
17.100296 -0.391386
17.110296 0.170007
17.120296 0.677096
17.130297 0.967912
17.140297 0.949562
17.150297 0.627908
17.160297 0.105692
17.170298 -0.450284
17.180298 -0.862433
17.190298 -0.999108
17.200298 -0.816654
17.210299 -0.373348
17.220299 0.189210
17.230299 0.691332
17.240299 0.972633
17.250299 0.943260
17.260300 0.612597
17.270300 0.086261
17.280300 -0.467628
17.290300 -0.872149
17.300301 -0.998094
17.310301 -0.805233
17.320301 -0.355168
17.330301 0.208342
17.340302 0.705304
17.350302 0.976966
17.360302 0.936626
17.370302 0.597113
17.380302 0.066875
17.390303 -0.484725
17.400303 -0.881497
17.410303 -0.996705
17.420303 -0.793552
17.430304 -0.336926
17.440304 0.227318
17.450304 0.718954
17.460304 0.980945
17.470304 0.929609
17.480305 0.581341
17.490305 0.047385
17.500305 -0.501706
17.510305 -0.890546
17.520306 -0.994932
17.530306 -0.781522
17.540306 -0.318483
17.550306 0.246284
17.560307 0.732385
17.570307 0.984551
17.580307 0.922237
17.590307 0.565348
17.600307 0.027878
17.610308 -0.518496
17.620308 -0.899256
17.630308 -0.992780
17.640308 -0.769195
17.650309 -0.299919
17.660309 0.265081
17.670309 0.745484
17.680309 0.987769
17.690310 0.914546
17.700310 0.549204
17.710310 0.008438
17.720310 -0.535023
17.730310 -0.907590
17.740311 -0.990260
17.750311 -0.756626
17.760311 -0.281315
17.770311 0.283852
17.780312 0.758353
17.790312 0.990625
17.800312 0.906476
17.810312 0.532786
17.820312 -0.011083
17.830313 -0.551413
17.840313 -0.915613
17.850313 -0.987353
17.860313 -0.743719
17.870314 -0.262529
17.880314 0.302516
17.890314 0.770933
17.900314 0.993103
17.910315 0.898061
17.920315 0.516166
17.930315 -0.030600
17.940315 -0.567592
17.950315 -0.923287
17.960316 -0.984071
17.970316 -0.730528
17.980316 -0.243644
17.990316 0.320990
18.000317 0.783170
18.010317 0.995194
18.020317 0.889339
18.030317 0.499416
18.040318 -0.050028
18.050318 -0.583492
18.060318 -0.930580
18.070318 -0.980428
18.080318 -0.717113
18.090319 -0.224741
18.100319 0.339416
18.110319 0.795159
18.120319 0.996916
18.130320 0.880244
18.140320 0.482410
18.150320 -0.069514
18.160320 -0.599233
18.170321 -0.937549
18.180321 -0.976398
18.190321 -0.703371
18.200321 -0.205678
18.210321 0.357713
18.220322 0.806844
18.230322 0.998258
18.240322 0.870814
18.250322 0.465219
18.260323 -0.088974
18.270323 -0.614747
18.280323 -0.944161
18.290323 -0.971996
18.300323 -0.689418
18.310324 -0.186612
18.320324 0.375801
18.330324 0.818178
18.340324 0.999216
18.350325 0.861091
18.360325 0.447921
18.370325 -0.108322
18.380325 -0.629965
18.390326 -0.950388
18.400326 -0.967244
18.410326 -0.675147
18.420326 -0.167399
18.430326 0.393819
18.440327 0.829245
18.450327 0.999799
18.460327 0.851002
18.470327 0.430383
18.480328 -0.127707
18.490328 -0.645005
18.500328 -0.956279
18.510328 -0.962104
18.520329 -0.660619
18.530329 -0.148122
18.540329 0.411686
18.550329 0.839997
18.560329 1.000000
18.570330 0.840589
18.580330 0.412681
18.590330 -0.147043
18.600330 -0.659799
18.610331 -0.961806
18.620331 -0.956598
18.630331 -0.645898
18.640331 -0.128866
18.650331 0.429327
18.660332 0.850387
18.670332 0.999821
18.680332 0.829898
18.690332 0.394893
18.700333 -0.166246
18.710333 -0.674284
18.720333 -0.966946
18.730333 -0.950751
18.740334 -0.630873
18.750334 -0.109484
18.760334 0.446875
18.770334 0.860496
18.780334 0.999262
18.790335 0.818849
18.800335 0.376884
18.810335 -0.185463
18.820335 -0.688571
18.830336 -0.971739
18.840336 -0.944520
18.850336 -0.615607
18.860336 -0.090061
18.870337 0.464252
18.880337 0.870277
18.890337 0.998322
18.900337 0.807489
18.910337 0.358732
18.920338 -0.204609
18.930338 -0.702595
18.940338 -0.976145
18.950338 -0.937955
18.960339 -0.600169
18.970339 -0.070680
18.980339 0.481385
18.990339 0.879689
19.000340 0.997007
19.010340 0.795867
19.020340 0.340516
19.030340 -0.223602
19.040340 -0.716297
19.050341 -0.980197
19.060341 -0.931008
19.070341 -0.584441
19.080341 -0.051196
19.090342 0.498403
19.100342 0.888804
19.110342 0.995308
19.120342 0.783897
19.130342 0.322097
19.140343 -0.242585
19.150343 -0.729782
19.160343 -0.983876
19.170343 -0.923706
19.180344 -0.568491
19.190344 -0.031691
19.200344 0.515231
19.210344 0.897581
19.220345 0.993230
19.230345 0.771627
19.240345 0.303556
19.250345 -0.261476
19.260345 -0.742988
19.270346 -0.987167
19.280346 -0.916083
19.290346 -0.552388
19.300346 -0.012252
19.310347 0.531797
19.320347 0.905982
19.330347 0.990784
19.340347 0.759115
19.350348 0.284974
19.360348 -0.280192
19.370348 -0.755861
19.380348 -0.990096
19.390348 -0.908081
19.400349 -0.536011
19.410349 0.007269
19.420349 0.548226
19.430349 0.914073
19.440350 0.987951
19.450350 0.746263
19.460350 0.266208
19.470350 -0.298877
19.480350 -0.768497
19.490351 -0.992648
19.500351 -0.899733
19.510351 -0.519430
19.520351 0.026787
19.530352 0.564447
19.540352 0.921815
19.550352 0.984742
19.560352 0.733128
19.570353 0.247342
19.580353 -0.317375
19.590353 -0.780792
19.600353 -0.994814
19.610353 -0.891077
19.620354 -0.502718
19.630354 0.046217
19.640354 0.580390
19.650354 0.929177
19.660355 0.981172
19.670355 0.719766
19.680355 0.228457
19.690355 -0.335825
19.700356 -0.792840
19.710356 -0.996610
19.720356 -0.882048
19.730356 -0.485748
19.740356 0.065708
19.750357 0.596175
19.760357 0.936215
19.770357 0.977215
19.780357 0.706078
19.790358 0.209409
19.800358 -0.354148
19.810358 -0.804585
19.820358 -0.998026
19.830359 -0.872683
19.840359 -0.468592
19.850359 0.085173
19.860359 0.611733
19.870359 0.942897
19.880360 0.972886
19.890360 0.692120
19.900360 0.190282
19.910360 -0.372263
19.920361 -0.815978
19.930361 -0.999058
19.940361 -0.863024
19.950361 -0.451328
19.960361 0.104529
19.970362 0.626998
19.980362 0.949195
19.990362 0.968205
20.000362 0.677956
20.010363 0.171159
20.020363 -0.390309
20.030363 -0.827107
20.040363 -0.999715
20.050364 -0.852999
20.060364 -0.433823
20.070364 0.123922
20.080364 0.642085
20.090364 0.955157
20.100365 0.963137
20.110365 0.663478
20.120365 0.151894
20.130365 -0.408207
20.140366 -0.837921
20.150366 -0.999990
20.160366 -0.842649
20.170366 -0.416153
20.180367 0.143268
20.190367 0.656928
20.200367 0.960755
20.210367 0.957703
20.220367 0.648806
20.230368 0.132649
20.240368 -0.425879
20.250368 -0.848374
20.260368 -0.999886
20.270369 -0.832020
20.280369 -0.398395
20.290369 0.162483
20.300369 0.671462
20.310369 0.965966
20.320370 0.951927
20.330370 0.633828
20.340370 0.113276
20.350370 -0.443459
20.360371 -0.858546
20.370371 -0.999401
20.380371 -0.821033
20.390371 -0.380415
20.400372 0.181713
20.410372 0.685799
20.420372 0.970832
20.430372 0.945766
20.440372 0.618609
20.450373 0.093859
20.460373 -0.460870
20.470373 -0.868391
20.480373 -0.998536
20.490374 -0.809733
20.500374 -0.362290
20.510374 0.200874
20.520374 0.699875
20.530375 0.975327
20.540375 0.939245
20.550375 0.603216
20.560375 0.074485
20.570375 -0.478038
20.580376 -0.877868
20.590376 -0.997295
20.600376 -0.798171
20.610376 -0.344100
20.620377 0.219882
20.630377 0.713630
20.640377 0.979435
20.650377 0.932394
20.660378 0.587532
20.670378 0.055005
20.680378 -0.495092
20.690378 -0.887049
20.700378 -0.995670
20.710379 -0.786260
20.720379 -0.325706
20.730379 0.238882
20.740379 0.727168
20.750380 0.983186
20.760380 0.925160
20.770380 0.571625
20.780380 0.035504
20.790380 -0.511957
20.800381 -0.895892
20.810381 -0.993666
20.820381 -0.774048
20.830381 -0.307189
20.840382 0.257792
20.850382 0.740430
20.860382 0.986551
20.870382 0.917606
20.880383 0.555564
20.890383 0.016067
20.900383 -0.528562
20.910383 -0.904361
20.920383 -0.991293
20.930384 -0.761593
20.940384 -0.288628
20.950384 0.276528
20.960384 0.753358
20.970385 0.989554
20.980385 0.909672
20.990385 0.539227
21.000385 -0.003454
21.010386 -0.545032
21.020386 -0.912519
21.030386 -0.988534
21.040386 -0.748797
21.050386 -0.269884
21.060387 0.295235
21.070387 0.766051
21.080387 0.992179
21.090387 0.901391
21.100388 0.522686
21.110388 -0.022973
21.120388 -0.561294
21.130388 -0.920329
21.140388 -0.985398
21.150389 -0.735717
21.160389 -0.251036
21.170389 0.313828
21.180389 0.778452
21.190390 0.994418
21.200390 0.892802
21.210390 0.506012
21.220390 -0.042406
21.230391 -0.577279
21.240391 -0.927760
21.250391 -0.981902
21.260391 -0.722409
21.270391 -0.232169
21.280392 0.332229
21.290392 0.790509
21.300392 0.996288
21.310392 0.883839
21.320393 0.489079
21.330393 -0.061901
21.340393 -0.593108
21.350393 -0.934868
21.360394 -0.978018
21.370394 -0.708774
21.380394 -0.213138
21.390394 0.350577
21.400394 0.802313
21.410395 0.997779
21.420395 0.874539
21.430395 0.471959
21.440395 -0.081372
21.450396 -0.608711
21.460396 -0.941619
21.470396 -0.973761
21.480396 -0.694869
21.490396 -0.194026
21.500397 0.368720
21.510397 0.813767
21.520397 0.998885
21.530397 0.864945
21.540398 0.454729
21.550398 -0.100734
21.560398 -0.624022
21.570398 -0.947987
21.580399 -0.969152
21.590399 -0.680756
21.600399 -0.174916
21.610399 0.386794
21.620399 0.824957
21.630400 0.999616
21.640400 0.854984
21.650400 0.437257
21.660400 -0.120136
21.670401 -0.639156
21.680401 -0.954020
21.690401 -0.964157
21.700401 -0.666327
21.710402 -0.155664
21.720402 0.404721
21.730402 0.835833
21.740402 0.999967
21.750402 0.844697
21.760403 0.419619
21.770403 -0.139492
21.780403 -0.654047
21.790403 -0.959689
21.800404 -0.958793
21.810404 -0.651645
21.820404 -0.136352
21.830404 0.422424
21.840405 0.846348
21.850405 0.999937
21.860405 0.834131
21.870405 0.401891
21.880405 -0.158718
21.890406 -0.668630
21.900406 -0.964972
21.910406 -0.953089
21.920406 -0.636774
21.930407 -0.117065
21.940407 0.440036
21.950407 0.856584
21.960407 0.999526
21.970407 0.823205
21.980408 0.383940
21.990408 -0.177960
22.000408 -0.683018
22.010408 -0.969910
22.020409 -0.946998
22.030409 -0.621602
22.040409 -0.097657
22.050409 0.457481
22.060410 0.866493
22.070410 0.998735
22.080410 0.811966
22.090410 0.365843
22.100410 -0.197135
22.110411 -0.697145
22.120411 -0.974477
22.130411 -0.940547
22.140411 -0.606254
22.150412 -0.078289
22.160412 0.474683
22.170412 0.876035
22.180412 0.997568
22.190413 0.800464
22.200413 0.347679
22.210413 -0.216159
22.220413 -0.710953
22.230413 -0.978658
22.240414 -0.933766
22.250414 -0.590615
22.260414 -0.058814
22.270414 0.491774
22.280415 0.885282
22.290415 0.996018
22.300415 0.788611
22.310415 0.329311
22.320415 -0.235176
22.330416 -0.724544
22.340416 -0.982483
22.350416 -0.926602
22.360416 -0.574751
22.370417 -0.039316
22.380417 0.508677
22.390417 0.894191
22.400417 0.994087
22.410418 0.776458
22.420418 0.310817
22.430418 -0.254104
22.440418 -0.737860
22.450418 -0.985933
22.460419 -0.919085
22.470419 -0.558732
22.480419 -0.019881
22.490419 0.525320
22.500420 0.902726
22.510420 0.991788
22.520420 0.764059
22.530420 0.292278
22.540421 -0.272860
22.550421 -0.750843
22.560421 -0.988996
22.570421 -0.911249
22.580421 -0.542436
22.590422 -0.000361
22.600422 0.541829
22.610422 0.910952
22.620422 0.989103
22.630423 0.751320
22.640423 0.273555
22.650423 -0.291588
22.660423 -0.763593
22.670424 -0.991696
22.680424 -0.903036
22.690424 -0.525934
22.700424 0.019159
22.710424 0.558133
22.720425 0.918831
22.730425 0.986041
22.740425 0.738295
22.750425 0.254727
22.760426 -0.310130
22.770426 -0.776052
22.780426 -0.994009
22.790426 -0.894479
22.800426 -0.509298
22.810427 0.038672
22.820427 0.574160
22.830427 0.926359
22.840427 0.982617
22.850428 0.724988
22.860428 0.235878
22.870428 -0.328702
22.880428 -0.788167
22.890429 -0.995960
22.900429 -0.885617
22.910429 -0.492335
22.920429 0.058093
22.930429 0.590095
22.940430 0.933507
22.950430 0.978822
22.960430 0.711460
22.970430 0.216940
22.980431 -0.347002
22.990431 -0.799984
23.000431 -0.997518
23.010431 -0.876420
23.020432 -0.475319
23.030432 0.077491
23.040432 0.605680
23.050432 0.940302
23.060432 0.974622
23.070433 0.697663
23.080433 0.197767
23.090433 -0.365171
23.100433 -0.811589
23.110434 -0.998698
23.120434 -0.866815
23.130434 -0.458123
23.140434 0.097015
23.150434 0.621036
23.160435 0.946791
23.170435 0.970085
23.180435 0.683489
23.190435 0.178671
23.200436 -0.383345
23.210436 -0.822795
23.220436 -0.999506
23.230436 -0.856956
23.240437 -0.440615
23.250437 0.116348
23.260437 0.636277
23.270437 0.952870
23.280437 0.965182
23.290438 0.669167
23.300438 0.159507
23.310438 -0.401230
23.320438 -0.833689
23.330439 -0.999928
23.340439 -0.846774
23.350439 -0.423078
23.360439 0.135636
23.370440 0.651156
23.380440 0.958588
23.390440 0.959870
23.400440 0.654593
23.410440 0.140130
23.420441 -0.418963
23.430441 -0.844352
23.440441 -0.999972
23.450441 -0.836186
23.460442 -0.405382
23.470442 0.155027
23.480442 0.665789
23.490442 0.963985
23.500443 0.954236
23.510443 0.639651
23.520443 0.120853
23.530443 -0.436678
23.540443 -0.854609
23.550444 -0.999634
23.560444 -0.825365
23.570444 -0.387388
23.580444 0.174205
23.590445 0.680170
23.600445 0.968974
23.610445 0.948242
23.620445 0.624586
23.630445 0.101530
23.640446 -0.454086
23.650446 -0.864544
23.660446 -0.998919
23.670446 -0.814232
23.680447 -0.369391
23.690447 0.193317
23.700447 0.694405
23.710447 0.973596
23.720448 0.941836
23.730448 0.609284
23.740448 0.082014
23.750448 -0.471322
23.760448 -0.874227
23.770449 -0.997827
23.780449 -0.802698
23.790449 -0.351254
23.800449 0.212508
23.810450 0.708265
23.820450 0.977883
23.830450 0.935124
23.840450 0.593627
23.850451 0.062621
23.860451 -0.488516
23.870451 -0.883501
23.880451 -0.996344
23.890451 -0.790951
23.900452 -0.332984
23.910452 0.231467
23.920452 0.721856
23.930452 0.981765
23.940453 0.928058
23.950453 0.577868
23.960453 0.043205
23.970453 -0.505389
23.980453 -0.892441
23.990454 -0.994494
24.000454 -0.778905
24.010454 -0.314440
24.020454 0.250337
24.030455 0.735280
24.040455 0.985275
24.050455 0.920581
24.060455 0.561891
24.070456 0.023617
24.080456 -0.522070
24.090456 -0.901112
24.100456 -0.992269
24.110456 -0.766465
24.120457 -0.295925
24.130457 0.269263
24.140457 0.748318
24.150457 0.988437
24.160458 0.912814
24.170458 0.545572
24.180458 0.004176
24.190458 -0.538685
24.200459 -0.909372
24.210459 -0.989646
24.220459 -0.753832
24.230459 -0.277297
24.240459 0.287937
24.250460 0.761074
24.260460 0.991198
24.270460 0.904702
24.280460 0.529175
24.290461 -0.015267
24.300461 -0.554963
24.310461 -0.917287
24.320461 -0.986669
24.330462 -0.740915
24.340462 -0.258414
24.350462 0.306501
24.360462 0.773640
24.370462 0.993585
24.380463 0.896178
24.390463 0.512578
24.400463 -0.034860
24.410463 -0.571032
24.420464 -0.924916
24.430464 -0.983318
24.440464 -0.727611
24.450464 -0.239583
24.460464 0.325097
24.470465 0.785813
24.480465 0.995610
24.490465 0.887382
24.500465 0.495652
24.510466 -0.054284
24.520466 -0.587011
24.530466 -0.932132
24.540466 -0.979564
24.550467 -0.714136
24.560467 -0.220662
24.570467 0.343422
24.580467 0.797689
24.590467 0.997242
24.600468 0.878251
24.610468 0.478672
24.620468 -0.073687
24.630468 -0.602640
24.640469 -0.938997
24.650469 -0.975469
24.660469 -0.700391
24.670469 -0.201505
24.680470 0.361617
24.690470 0.809355
24.700470 0.998496
24.710470 0.868711
24.720470 0.461511
24.730471 -0.093218
24.740471 -0.618042
24.750471 -0.945556
24.760471 -0.971004
24.770472 -0.686268
24.780472 -0.182423
24.790472 0.379819
24.800472 0.820621
24.810472 0.999379
24.820473 0.858916
24.830473 0.444036
24.840473 -0.112558
24.850473 -0.633330
24.860474 -0.951705
24.870474 -0.966173
24.880474 -0.671997
24.890474 -0.163272
24.900475 0.397733
24.910475 0.831576
24.920475 0.999875
24.930475 0.848797
24.940475 0.426532
24.950476 -0.131856
24.960476 -0.648256
24.970476 -0.957495
24.980476 -0.960933
24.990477 -0.657472
25.000477 -0.143906
25.010477 0.415496
25.020477 0.842302
25.030478 0.999993
25.040478 0.838272
25.050478 0.408866
25.060478 -0.151257
25.070478 -0.662937
25.080479 -0.962964
25.090479 -0.955370
25.100479 -0.642579
25.110479 -0.124639
25.120480 0.433242
25.130480 0.852622
25.140480 0.999730
25.150480 0.827513
25.160480 0.390903
25.170481 -0.170447
25.180481 -0.677368
25.190481 -0.968024
25.200481 -0.949446
25.210482 -0.627560
25.220482 -0.105324
25.230482 0.450684
25.240482 0.862620
25.250483 0.999089
25.260483 0.816440
25.270483 0.372933
25.280483 -0.189573
25.290483 -0.691655
25.300484 -0.972718
25.310484 -0.943111
25.320484 -0.612304
25.330484 -0.085815
25.340485 0.467954
25.350485 0.872368
25.360485 0.998071
25.370485 0.804967
25.380486 0.354823
25.390486 -0.208779
25.400486 -0.705566
25.410486 -0.977078
25.420486 -0.936469
25.430487 -0.596692
25.440487 -0.066428
25.450487 0.485184
25.460487 0.881708
25.470488 0.996662
25.480488 0.793279
25.490488 0.336432
25.500488 -0.227754
25.510489 -0.719211
25.520489 -0.981032
25.530489 -0.929472
25.540489 -0.580977
25.550489 -0.047016
25.560490 0.502093
25.570490 0.890714
25.580490 0.994887
25.590490 0.781292
25.600491 0.318059
25.610491 -0.246642
25.620491 -0.732689
25.630491 -0.984616
25.640491 -0.922064
25.650492 -0.565043
25.660492 -0.027431
25.670492 0.518812
25.680492 0.899451
25.690493 0.992735
25.700493 0.768909
25.710493 0.299566
25.720493 -0.265587
25.730494 -0.745782
25.740494 -0.987851
25.750494 -0.914365
25.760494 -0.548765
25.770494 -0.007991
25.780495 0.535467
25.790495 0.907778
25.800495 0.990187
25.810495 0.756333
25.820496 0.280811
25.830496 -0.284281
25.840496 -0.758594
25.850496 -0.990686
25.860497 -0.906320
25.870497 -0.532408
25.880497 0.011453
25.890497 0.551786
25.900497 0.915762
25.910498 0.987282
25.920498 0.743472
25.930498 0.262098
25.940498 -0.302868
25.950499 -0.771217
25.960499 -0.993146
25.970499 -0.897864
25.980499 -0.515850
25.990499 0.031047
26.000500 0.567896
26.010500 0.923459
26.020500 0.984005
26.030500 0.730222
26.040501 0.243285
26.050501 -0.321487
26.060501 -0.783448
26.070501 -0.995246
26.080502 -0.889135
26.090502 -0.498961
26.100502 0.050474
26.110502 0.583918
26.120502 0.930744
26.130503 0.980325
26.140503 0.716801
26.150503 0.224381
26.160503 -0.339837
26.170504 -0.795383
26.180504 -0.996951
26.190504 -0.880069
26.200504 -0.482018
26.210505 0.069882
26.220505 0.599591
26.230505 0.937678
26.240505 0.976301
26.250505 0.703109
26.260506 0.205240
26.270506 -0.358058
26.280506 -0.807108
26.290506 -0.998280
26.300507 -0.870594
26.310507 -0.464892
26.320507 0.089419
26.330507 0.615038
26.340508 0.944308
26.350508 0.971909
26.360508 0.689038
26.370508 0.186173
26.380508 -0.376287
26.390509 -0.818435
26.400509 -0.999237
26.410509 -0.860864
26.420509 -0.447451
26.430510 0.108767
26.440510 0.630373
26.450510 0.950527
26.460510 0.967150
26.470510 0.674817
26.480511 0.167035
26.490511 -0.394230
26.500511 -0.829452
26.510511 -0.999808
26.520512 -0.850808
26.530512 -0.429979
26.540512 0.128073
26.550512 0.645347
26.560513 0.956387
26.570513 0.961982
26.580513 0.660341
26.590513 0.147680
26.600513 -0.412023
26.610514 -0.840239
26.620514 -1.000000
26.630514 -0.840346
26.640514 -0.412344
26.650515 0.147485
26.660515 0.660077
26.670515 0.961928
26.680515 0.956490
26.690516 0.645497
26.700516 0.128423
26.710516 -0.429801
26.720516 -0.850622
26.730516 -0.999811
26.740517 -0.829649
26.750517 -0.394411
26.760517 0.166687
26.770517 0.674672
26.780518 0.967060
26.790518 0.950637
26.800518 0.630526
26.810518 0.109117
26.820518 -0.447275
26.830519 -0.860684
26.840519 -0.999245
26.850519 -0.818637
26.860519 -0.376470
26.870520 0.185826
26.880520 0.688895
26.890520 0.971826
26.900520 0.944373
26.910521 0.615316
26.920521 0.089615
26.930521 -0.464580
26.940521 -0.870497
26.950521 -0.998300
26.960522 -0.807225
26.970522 -0.358387
26.980522 0.205047
26.990522 0.702858
27.000523 0.976259
27.010523 0.937800
27.020523 0.599749
27.030523 0.070234
27.040524 -0.481845
27.050524 -0.879901
27.060524 -0.996967
27.070524 -0.795596
27.080524 -0.340022
27.090525 0.224037
27.100525 0.716663
27.110525 0.980286
27.120525 0.930873
27.130526 0.584078
27.140526 0.050826
27.150526 -0.498790
27.160526 -0.888973
27.170527 -0.995265
27.180527 -0.783667
27.190527 -0.321674
27.200527 0.242943
27.210527 0.730088
27.220528 0.983942
27.230528 0.923534
27.240528 0.568186
27.250528 0.031244
27.260529 -0.515547
27.270529 -0.897778
27.280529 -0.993187
27.290529 -0.771343
27.300529 -0.303204
27.310530 0.261907
27.320530 0.743236
27.330530 0.987251
27.340530 0.915903
27.350531 0.551950
27.360531 0.011805
27.370531 -0.532241
27.380531 -0.906171
27.390532 -0.990713
27.400532 -0.758824
27.410532 -0.284470
27.420532 0.280622
27.430532 0.756103
27.440533 0.990159
27.450533 0.907926
27.460533 0.535633
27.470533 -0.007638
27.480534 -0.548600
27.490534 -0.914222
27.500534 -0.987882
27.510534 -0.746017
27.520535 -0.265777
27.530535 0.299230
27.540535 0.768783
27.550535 0.992693
27.560535 0.899537
27.570536 0.519114
27.580536 -0.027234
27.590536 -0.564752
27.600536 -0.921988
27.610537 -0.984677
27.620537 -0.732823
27.630537 -0.246984
27.640537 0.317872
27.650537 0.781072
27.660538 0.994867
27.670538 0.890874
27.680538 0.502264
27.690538 -0.046664
27.700539 -0.580817
27.710539 -0.929342
27.720539 -0.981070
27.730539 -0.719456
27.740540 -0.228097
27.750540 0.336246
27.760540 0.793065
27.770540 0.996646
27.780540 0.881874
27.790541 0.485357
27.800541 -0.066076
27.810541 -0.596534
27.820541 -0.936345
27.830542 -0.977120
27.840542 -0.705816
27.850542 -0.208972
27.860542 0.354493
27.870543 0.804850
27.880543 0.998049
27.890543 0.872464
27.900543 0.468266
27.910543 -0.085619
27.920544 -0.612026
27.930544 -0.943046
27.940544 -0.972800
27.950544 -0.691798
27.960545 -0.189919
27.970545 0.372750
27.980545 0.816237
27.990545 0.999081
28.000546 0.862798
28.010546 0.450860
28.020546 -0.104974
28.030546 -0.627407
28.040546 -0.949335
28.050547 -0.968073
28.060547 -0.677628
28.070547 -0.170795
28.080547 0.390721
28.090548 0.827315
28.100548 0.999725
28.110548 0.852806
28.120548 0.433420
28.130548 -0.124289
28.140549 -0.642428
28.150549 -0.955266
28.160549 -0.963017
28.170549 -0.663201
28.180550 -0.151452
28.190550 0.408544
28.200550 0.838165
28.210550 0.999992
28.220551 0.842408
28.230551 0.415817
28.240551 -0.143711
28.250551 -0.657206
28.260551 -0.960879
28.270552 -0.957596
28.280552 -0.648406
28.290552 -0.132205
28.300552 0.426353
28.310553 0.848611
28.320553 0.999878
28.330553 0.831772
28.340553 0.397914
28.350554 -0.162924
28.360554 -0.671851
28.370554 -0.966082
28.380554 -0.951766
28.390554 -0.633482
28.400555 -0.112908
28.410555 0.443860
28.420555 0.858736
28.430555 0.999386
28.440556 0.820822
28.450556 0.380002
28.460556 -0.182076
28.470556 -0.686125
28.480556 -0.970920
28.490557 -0.945621
28.500557 -0.618319
28.510557 -0.093414
28.520557 0.461198
28.530558 0.868613
28.540558 0.998515
28.550558 0.809471
28.560558 0.361946
28.570559 -0.201312
28.580559 -0.700139
28.590559 -0.975425
28.600559 -0.939118
28.610559 -0.602797
28.620560 -0.074039
28.630560 0.478499
28.640560 0.878082
28.650560 0.997256
28.660561 0.797902
28.670561 0.343607
28.680561 -0.220318
28.690561 -0.713998
28.700562 -0.979525
28.710562 -0.932260
28.720562 -0.587170
28.730562 -0.054636
28.740562 0.495480
28.750563 0.887220
28.760563 0.995628
28.770563 0.786031
28.780563 0.325283
28.790564 -0.239241
28.800564 -0.727475
28.810564 -0.983254
28.820564 -0.924991
28.830564 -0.571322
28.840565 -0.035057
28.850565 0.512275
28.860565 0.896091
28.870565 0.993624
28.880566 0.773765
28.890566 0.306837
28.900566 -0.258224
28.910566 -0.740678
28.920567 -0.986637
28.930567 -0.917428
28.940567 -0.555127
28.950567 -0.015620
28.960567 0.529008
28.970568 0.904551
28.980568 0.991224
28.990568 0.761303
29.000568 0.288125
29.010569 -0.276958
29.020569 -0.753601
29.030569 -0.989618
29.040569 -0.909518
29.050570 -0.538851
29.060570 0.003823
29.070570 0.545407
29.080570 0.912670
29.090570 0.988467
29.100571 0.748552
29.110571 0.269453
29.120571 -0.295588
29.130571 -0.766338
29.140572 -0.992225
29.150572 -0.901197
29.160572 -0.522371
29.170572 0.023420
29.180573 0.561600
29.190573 0.920504
29.200573 0.985335
29.210573 0.735414
29.220573 0.250679
29.230574 -0.314253
29.240574 -0.778684
29.250574 -0.994474
29.260574 -0.892600
29.270575 -0.505559
29.280575 0.042853
29.290575 0.577707
29.300575 0.927927
29.310575 0.981802
29.320576 0.722100
29.330576 0.231658
29.340576 -0.332651
29.350576 -0.790735
29.360577 -0.996327
29.370577 -0.883666
29.380577 -0.488688
29.390577 0.062269
29.400578 0.593468
29.410578 0.934999
29.420578 0.977924
29.430578 0.708513
29.440578 0.212701
29.450579 -0.350924
29.460579 -0.802580
29.470579 -0.997803
29.480579 -0.874322
29.490580 -0.471633
29.500580 0.081817
29.510580 0.609004
29.520580 0.941770
29.530581 0.973677
29.540581 0.694547
29.550581 0.193663
29.560581 -0.369208
29.570581 -0.814027
29.580582 -0.998910
29.590582 -0.864721
29.600582 -0.454261
29.610582 0.101179
29.620583 0.624432
29.630583 0.948130
29.640583 0.969023
29.650583 0.680428
29.660583 0.174399
29.670584 -0.387207
29.680584 -0.825166
29.690584 -0.999629
29.700584 -0.854792
29.710585 -0.436855
29.720585 0.120503
29.730585 0.639500
29.740585 0.954131
29.750586 0.964038
29.760586 0.666052
29.770586 0.155222
29.780586 -0.405059
29.790586 -0.836078
29.800587 -0.999970
29.810587 -0.844457
29.820587 -0.419283
29.830587 0.139935
29.840588 0.654326
29.850588 0.959815
29.860588 0.958688
29.870588 0.651306
29.880589 0.135986
29.890589 -0.422900
29.900589 -0.846586
29.910589 -0.999930
29.920589 -0.833884
29.930590 -0.401411
29.940590 0.159159
29.950590 0.669021
29.960590 0.965090
29.970591 0.952929
29.980591 0.636429
29.990591 0.116698
30.000591 -0.440438
30.010592 -0.856775
30.020592 -0.999512
30.030592 -0.822995
30.040592 -0.383527
30.050592 0.178324
30.060593 0.683345
30.070593 0.970000
30.080593 0.946855
30.090593 0.621312
30.100594 0.097212
30.110594 -0.457810
30.120594 -0.866716
30.130594 -0.998716
30.140594 -0.811705
30.150595 -0.365499
30.160595 0.197573
30.170595 0.697410
30.180595 0.974578
30.190596 0.940422
30.200596 0.605837
30.210596 0.077843
30.220596 -0.475145
30.230597 -0.876251
30.240597 -0.997531
30.250597 -0.800195
30.260597 -0.347187
30.270597 0.216595
30.280598 0.711322
30.290598 0.978750
30.300598 0.933633
30.310598 0.590254
30.320599 0.058445
30.330599 -0.492163
30.340599 -0.885453
30.350599 -0.995978
30.360600 -0.788384
30.370600 -0.328888
30.380600 0.235535
30.390600 0.724853
30.400600 0.982551
30.410601 0.926433
30.420601 0.574448
30.430601 0.038869
30.440601 -0.508995
30.450602 -0.894391
30.460602 -0.994047
30.470602 -0.776176
30.480602 -0.310465
30.490602 0.254537
30.500603 0.738110
30.510603 0.986008
30.520603 0.918939
30.530603 0.558296
30.540604 0.019434
30.550604 -0.525766
30.560604 -0.902918
30.570604 -0.991721
30.580605 -0.763771
30.590605 -0.291776
30.600605 0.273291
30.610605 0.751190
30.620605 0.989062
30.630606 0.911097
30.640606 0.542060
30.650606 -0.000008
30.660606 -0.542205
30.670607 -0.911104
30.680607 -0.989037
30.690607 -0.751076
30.700607 -0.273125
30.710608 0.291941
30.720608 0.763882
30.730608 0.991743
30.740608 0.902844
30.750608 0.525620
30.760609 -0.019606
30.770609 -0.558439
30.780609 -0.919007
30.790609 -0.985979
30.800610 -0.737993
30.810610 -0.254370
30.820610 0.310629
30.830610 0.776285
30.840611 0.994066
30.850611 0.894314
30.860611 0.508847
30.870611 -0.039041
30.880611 -0.574589
30.890612 -0.926498
30.900612 -0.982519
30.910612 -0.724734
30.920612 -0.235368
30.930613 0.329051
30.940613 0.788490
30.950613 0.995993
30.960613 0.885445
30.970613 0.492013
30.980614 -0.058462
30.990614 -0.590393
31.000614 -0.933639
31.010614 -0.978714
31.020615 -0.711200
31.030615 -0.216427
31.040615 0.347349
31.050615 0.800299
31.060616 0.997544
31.070616 0.876167
31.080616 0.474994
31.090616 -0.078015
31.100616 -0.605974
31.110617 -0.940480
31.120617 -0.974539
31.130617 -0.697287
31.140617 -0.197405
31.150618 0.365660
31.160618 0.811805
31.170618 0.998725
31.180618 0.866630
31.190619 0.457657
31.200619 -0.097383
31.210619 -0.621447
31.220619 -0.946910
31.230619 -0.969958
31.240620 -0.683219
31.250620 -0.178154
31.260620 0.383687
31.270620 0.823005
31.280621 0.999518
31.290621 0.856766
31.300621 0.440283
31.310621 -0.116715
31.320621 -0.636562
31.330622 -0.952982
31.340622 -0.965045
31.350622 -0.668892
31.360622 -0.158989
31.370623 0.401568
31.380623 0.833979
31.390623 0.999932
31.400623 0.846495
31.410624 0.422743
31.420624 -0.136156
31.430624 -0.651436
31.440624 -0.958737
31.450624 -0.959767
31.460625 -0.654196
31.470625 -0.139764
31.480625 0.419440
31.490625 0.844550
31.500626 0.999968
31.510626 0.835983
31.520626 0.404902
31.530626 -0.155392
31.540627 -0.666180
31.550627 -0.964084
31.560627 -0.954079
31.570627 -0.639367
31.580627 -0.120486
31.590628 0.437010
31.600628 0.854801
31.610628 0.999624
31.620628 0.825156
31.630629 0.387048
31.640629 -0.174569
31.650629 -0.680554
31.660629 -0.969065
31.670630 -0.948075
31.680630 -0.624297
31.690630 -0.101008
31.700630 0.454415
31.710630 0.864807
31.720631 0.998902
31.730631 0.813927
31.740631 0.369047
31.750631 -0.193832
31.760632 -0.694671
31.770632 -0.973716
31.780632 -0.941712
31.790632 -0.608868
31.800632 -0.081646
31.810633 0.471785
31.820633 0.874406
31.830633 0.997792
31.840633 0.802478
31.850634 0.350762
31.860634 -0.212869
31.870634 -0.708635
31.880634 -0.977960
31.890635 -0.934938
31.900635 -0.593329
31.910635 -0.062253
31.920635 0.488839
31.930635 0.883674
31.940636 0.996312
31.950636 0.790725
31.960636 0.332489
31.970636 -0.231826
31.980637 -0.722219
31.990637 -0.981835
32.000637 -0.927863
32.010635 -0.577567
32.020634 -0.042991
32.030632 0.505439
32.040630 0.892468
32.050629 0.994505
32.060627 0.778966
32.070625 0.314827
32.080624 -0.249943
32.090622 -0.734898
32.100620 -0.985179
32.110619 -0.920922
32.120617 -0.562614
32.130615 -0.024646
32.140614 0.521192
32.150612 0.900598
32.160610 0.992434
32.170609 0.767425
32.180607 0.297353
32.190605 -0.267673
32.200603 -0.747119
32.210602 -0.988137
32.220600 -0.913613
32.230598 -0.547345
32.240597 -0.006293
32.250595 0.536637
32.260593 0.908359
32.270592 0.990014
32.280590 0.755527
32.290588 0.279927
32.300587 -0.285164
32.310585 -0.759193
32.320583 -0.990790
32.330582 -0.905997
32.340580 -0.532023
32.350578 0.011907
32.360577 0.552035
32.370575 0.915882
32.380573 0.987260
32.390572 0.743480
32.400570 0.262259
32.410568 -0.302708
32.420567 -0.771012
32.430565 -0.993090
32.440563 -0.898143
32.450562 -0.516392
32.460560 0.030258
32.470558 0.567246
32.480556 0.923036
32.490555 0.984200
32.500553 0.731079
32.510551 0.244503
32.520550 -0.320003
32.530548 -0.782474
32.540546 -0.995077
32.550545 -0.889921
32.560543 -0.500587
32.570541 0.048444
32.580540 0.582141
32.590538 0.929942
32.600536 0.980784
32.610535 0.718433
32.620533 0.226816
32.630531 -0.337339
32.640530 -0.793771
32.650528 -0.996728
32.660526 -0.881473
32.670525 -0.484750
32.680523 0.066769
32.690521 0.596966
32.700520 0.936534
32.710518 0.977071
32.720516 0.705655
32.730515 0.208901
32.740513 -0.354561
32.750511 -0.804709
32.760509 -0.998034
32.770508 -0.872657
32.780506 -0.468614
32.790504 0.085072
32.800503 0.611468
32.810501 0.942759
32.820499 0.972999
32.830498 0.692531
32.840496 0.191069
32.850494 -0.371519
32.860493 -0.815470
32.870491 -0.999016
32.880489 -0.863547
32.890488 -0.452459
32.900486 0.103191
32.910484 0.625889
32.920483 0.948721
32.930481 0.968637
32.940479 0.679287
32.950478 0.173020
32.960476 -0.388498
32.970474 -0.825956
32.980473 -0.999658
32.990471 -0.854226
33.000469 -0.436014
33.010468 0.121430
33.020466 0.640098
33.030464 0.954317
33.040462 0.963913
33.050461 0.665703
33.060459 0.154913
33.070457 -0.405203
33.080456 -0.836079
33.090454 -0.999970
33.100452 -0.844540
33.110451 -0.419423
33.120449 0.139475
33.130447 0.653975
33.140446 0.959641
33.150444 0.958865
33.160442 0.652012
33.170441 0.136908
33.180439 -0.421915
33.190437 -0.846008
33.200436 -0.999944
33.210434 -0.834654
33.220432 -0.402832
33.230431 0.157626
33.240429 0.667750
33.250427 0.964641
33.260426 0.953540
33.270424 0.637985
33.280422 0.118703
33.290421 -0.438485
33.300419 -0.855571
33.310417 -0.999587
33.320415 -0.824404
33.330414 -0.385965
33.340412 0.175725
33.350410 0.681187
33.360409 0.969278
33.370407 0.947849
33.380405 0.623744
33.390404 0.100613
33.400402 -0.454769
33.410400 -0.864929
33.420399 -0.998891
33.430397 -0.813877
33.440395 -0.369112
33.450394 0.193612
33.460392 0.694510
33.470390 0.973629
33.480389 0.941892
33.490387 0.609415
33.500385 0.082334
33.510384 -0.471039
33.520382 -0.873995
33.530380 -0.997868
33.540379 -0.803167
33.550377 -0.351991
33.560375 0.211587
33.570374 0.707489
33.580372 0.977620
33.590370 0.935568
33.600368 0.594760
33.610367 0.064028
33.620365 -0.487015
33.630363 -0.882694
33.640362 -0.996502
33.650360 -0.792097
33.660358 -0.334752
33.670357 0.229339
33.680355 0.720341
33.690353 0.981317
33.700352 0.928928
33.710350 0.580031
33.720348 0.045855
33.730347 -0.502964
33.740345 -0.891171
33.750343 -0.994801
33.760342 -0.780857
33.770340 -0.317547
33.780338 0.247166
33.790337 0.732951
33.800335 0.984656
33.810333 0.922036
33.820332 0.564982
33.830330 0.027512
33.840328 -0.518743
33.850327 -0.899280
33.860325 -0.992782
33.870323 -0.769259
33.880322 -0.300089
33.890320 0.264910
33.900318 0.745210
33.910316 0.987693
33.920315 0.914775
33.930313 0.549742
33.940311 0.009315
33.950310 -0.534216
33.960308 -0.907156
33.970306 -0.990414
33.980305 -0.757402
33.990303 -0.282678
34.000301 0.282415
34.010300 0.757324
34.020298 0.990397
34.030296 0.907272
34.040295 0.534449
34.050293 -0.009040
34.060291 -0.549642
34.070290 -0.914727
34.080288 -0.987736
34.090286 -0.745394
34.100285 -0.265025
34.110283 0.299975
34.120281 0.769084
34.130280 0.992749
34.140278 0.899400
34.150276 0.518845
34.160275 -0.027393
34.170273 -0.564755
34.180271 -0.921929
34.190269 -0.984704
34.200268 -0.733032
34.210266 -0.247432
34.220264 0.317286
34.230263 0.780685
34.240261 0.994788
34.250259 0.891225
34.260258 0.503201
34.270256 -0.045581
34.280254 -0.579807
34.290253 -0.928884
34.300251 -0.981340
34.310249 -0.720532
34.320248 -0.229607
34.330246 0.334639
34.340244 0.792024
34.350243 0.996479
34.360241 0.882823
34.370239 0.487255
34.380238 -0.063909
34.390236 -0.594664
34.400234 -0.935470
34.410233 -0.977678
34.420231 -0.707683
34.430229 -0.211704
34.440228 0.351734
34.450226 0.803004
34.460224 0.997850
34.470222 0.874053
34.480221 0.471144
34.490219 -0.082060
34.500217 -0.609197
34.510216 -0.941800
34.520214 -0.973657
34.530212 -0.694596
34.540211 -0.193882
34.550209 0.368856
34.560207 0.813807
34.570206 0.998885
34.580204 0.865067
34.590202 0.455014
34.600201 -0.100339
34.610199 -0.623650
34.620197 -0.947811
34.630196 -0.969346
34.640194 -0.681388
34.650192 -0.175843
34.660191 0.385854
34.670189 0.824249
34.680187 0.999579
34.690186 0.855713
34.700184 0.438592
34.710182 -0.118584
34.720181 -0.637774
34.730179 -0.953457
34.740177 -0.964672
34.750175 -0.667839
34.760174 -0.157898
34.770172 0.402580
34.780170 0.834503
34.790169 0.999943
34.800167 0.846071
34.810165 0.422164
34.820164 -0.136635
34.830162 -0.651803
34.840160 -0.958831
34.850159 -0.959718
34.860157 -0.654183
34.870155 -0.139747
34.880154 0.419314
34.890152 0.844476
34.900150 0.999972
34.910149 0.836230
34.920147 0.405454
34.930145 -0.154795
34.940144 -0.665613
34.950142 -0.963840
34.960140 -0.954399
34.970139 -0.640190
34.980137 -0.121549
34.990135 0.435767
35.000134 0.854083
35.010132 0.999665
35.020130 0.826023
35.030128 0.388608
35.040127 -0.172749
35.050125 -0.679085
35.060123 -0.968569
35.070122 -0.948759
35.080120 -0.626103
35.090118 -0.103464
35.100117 0.452214
35.110115 0.863486
35.120113 0.999022
35.130112 0.815629
35.140110 0.371774
35.150108 -0.190799
35.160107 -0.692444
35.170105 -0.972971
35.180103 -0.942851
35.190102 -0.611686
35.200100 -0.085191
35.210098 0.468508
35.220097 0.872523
35.230095 0.998051
35.240093 0.804872
35.250092 0.354673
35.260090 -0.208784
35.270088 -0.705460
35.280087 -0.977013
35.290085 -0.936576
35.300083 -0.597062
35.310081 -0.067043
35.320080 0.484509
35.330078 0.881343
35.340076 0.996738
35.350075 0.793844
35.360073 0.337598
35.370071 -0.226548
35.380070 -0.718350
35.390068 -0.980761
35.400066 -0.930043
35.410065 -0.582364
35.420063 -0.048719
35.430061 0.500484
35.440060 0.889867
35.450058 0.995104
35.460056 0.782645
35.470055 0.320264
35.480053 -0.244387
35.490051 -0.730892
35.500050 -0.984151
35.510048 -0.923142
35.520046 -0.567345
35.530045 -0.030378
35.540043 0.516157
35.550041 0.898022
35.560040 0.993122
35.570038 0.771088
35.580036 0.302822
35.590034 -0.261994
35.600033 -0.743296
35.610031 -0.987240
35.620029 -0.915929
35.630028 -0.552264
35.640026 -0.012182
35.650024 0.531791
35.660023 0.905946
35.670021 0.990806
35.680019 0.759372
35.690018 0.285427
35.700016 -0.279664
35.710014 -0.755449
35.720013 -0.989975
35.730011 -0.908474
35.740009 -0.536869
35.750008 0.006174
35.760006 0.547245
35.770004 0.913502
35.780003 0.988179
35.790001 0.747302
35.799999 0.267788
35.809998 -0.297239
35.819996 -0.767248
35.829994 -0.992401
35.839993 -0.900649
35.849991 -0.521294
35.859989 0.024372
35.869987 0.562387
35.879986 0.920815
35.889984 0.985199
35.899982 0.734979
35.909981 0.250209
35.919979 -0.314566
35.929977 -0.778891
35.939976 -0.994492
35.949974 -0.892592
35.959972 -0.505676
35.969971 0.042717
35.979969 0.577469
35.989967 0.927818
35.999966 0.981916
36.009964 0.722517
36.019962 0.232396
36.029961 -0.331936
36.039959 -0.790176
36.049957 -0.996235
36.059956 -0.884166
36.069954 -0.489756
36.079952 0.061047
36.089951 0.592232
36.099949 0.934454
36.109947 0.978276
36.119946 0.709706
36.129944 0.214656
36.139942 -0.349049
36.149940 -0.801292
36.159939 -0.997658
36.169937 -0.875442
36.179935 -0.473808
36.189934 0.079203
36.199932 0.606922
36.209930 0.940832
36.219929 0.974306
36.229927 0.696767
36.239925 0.196693
36.249924 -0.366190
36.259922 -0.812138
36.269920 -0.998738
36.279919 -0.866501
36.289917 -0.457564
36.299915 0.097486
36.309914 0.621407
36.319912 0.946843
36.329910 0.970046
36.339909 0.683483
36.349907 0.178664
36.359905 -0.383065
36.369904 -0.822622
36.379902 -0.999491
36.389900 -0.857193
36.399899 -0.441167
36.409897 0.115583
36.419895 0.635563
36.429893 0.952588
36.439892 0.965424
36.449890 0.669970
36.459888 0.160728
36.469887 -0.399955
36.479885 -0.832920
36.489883 -0.999908
36.499882 -0.847678
36.509880 -0.424761
36.519878 0.133795
36.529877 0.649627
36.539875 0.958013
36.549873 0.960520
36.559872 0.656348
36.569870 0.142585
36.579868 -0.416710
36.589867 -0.842853
36.599865 -0.999989
36.609863 -0.837798
36.619862 -0.408073
36.629860 0.151962
36.639858 0.663355
36.649857 0.963072
36.659855 0.955251
36.669853 0.642390
36.679852 0.124548
36.689850 -0.433185
36.699848 -0.852589
36.709846 -0.999735
36.719845 -0.827636
36.729843 -0.391390
36.739841 0.169925
36.749840 0.676978
36.759838 0.967852
36.769836 0.949710
36.779835 0.628336
36.789833 0.106315
36.799831 -0.449655
36.809830 -0.862037
36.819828 -0.999151
36.829826 -0.817284
36.839825 -0.374434
36.849823 0.187984
36.859821 0.690373
36.869820 0.972269
36.879818 0.943802
36.889816 0.613951
36.899815 0.088047
36.909813 -0.465836
36.919811 -0.871118
36.929810 -0.998226
36.939808 -0.806570
36.949806 -0.357352
36.959805 0.205828
36.969803 0.703425
36.979801 0.976398
36.989799 0.937577
36.999798 0.599484
37.009796 0.069903
37.019794 -0.481999
37.029793 -0.879985
37.039791 -0.996965
37.049789 -0.795678
37.059788 -0.340295
37.069786 0.223755
37.079784 0.716353
37.089783 0.980198
37.099781 0.931092
37.109779 0.584692
37.119778 0.051582
37.129776 -0.498000
37.139774 -0.888484
37.149773 -0.995383
37.159771 -0.784426
37.169769 -0.322978
37.179768 0.241606
37.189766 0.728932
37.199764 0.983639
37.209763 0.924240
37.219761 0.569703
37.229759 0.033398
37.239758 -0.513700
37.249756 -0.896757
37.259754 -0.993454
37.269753 -0.772910
37.279751 -0.305701
37.289749 0.259227
37.299747 0.741375
37.309746 0.986780
37.319744 0.917138
37.329742 0.554652
37.339741 0.015048
37.349739 -0.529361
37.359737 -0.904729
37.369736 -0.991210
37.379734 -0.761234
37.389732 -0.288173
37.399731 0.276910
37.409729 0.753466
37.419727 0.989566
37.429726 0.909668
37.439724 0.539286
37.449722 -0.003307
37.459721 -0.544713
37.469719 -0.912332
37.479717 -0.988615
37.489716 -0.749203
37.499714 -0.270549
37.509712 0.294352
37.519711 0.765407
37.529709 0.992044
37.539707 0.901891
37.549706 0.523870
37.559704 -0.021506
37.569702 -0.560014
37.579700 -0.919693
37.589699 -0.985686
37.599697 -0.737025
37.609695 -0.252983
37.619694 0.311844
37.629692 0.777090
37.639690 0.994171
37.649689 0.893881
37.659687 0.508148
37.669685 -0.039852
37.679684 -0.575126
37.689682 -0.926687
37.699680 -0.982455
37.709679 -0.724496
37.719677 -0.235183
37.729675 0.329231
37.739674 0.788415
37.749672 0.995982
37.759670 0.885502
37.769669 0.492254
37.779667 -0.058031
37.789665 -0.589919
37.799664 -0.933429
37.809662 -0.978866
37.819660 -0.711722
37.829659 -0.217455
37.839657 0.346361
37.849655 0.799573
37.859653 0.997458
37.869652 0.876899
37.879650 0.476330
37.889648 -0.076345
37.899647 -0.604641
37.909645 -0.939857
37.919643 -0.974982
37.929642 -0.698820
37.939640 -0.199503
37.949638 0.363521
37.959637 0.810371
37.969635 0.998590
37.979633 0.867929
37.989632 0.460112
37.999630 -0.094633
38.009628 -0.619036
38.019627 -0.945917
38.029625 -0.970738
38.039623 -0.685573
38.049622 -0.181637
38.059620 0.380415
38.069618 0.820989
38.079617 0.999396
38.089615 0.858666
38.099613 0.443877
38.109612 -0.112735
38.119610 -0.633347
38.129608 -0.951712
38.139606 -0.966167
38.149605 -0.672211
38.159603 -0.163557
38.169601 0.397326
38.179600 0.831330
38.189598 0.999863
38.199596 0.849196
38.209595 0.427355
38.219593 -0.130954
38.229591 -0.647444
38.239590 -0.957142
38.249588 -0.961313
38.259586 -0.658508
38.269585 -0.145422
38.279583 0.413961
38.289581 0.841307
38.299580 0.999998
38.309578 0.839360
38.319576 0.410689
38.329575 -0.148974
38.339573 -0.661207
38.349571 -0.962296
38.359570 -0.956095
38.369568 -0.644584
38.379566 -0.127392
38.389565 0.430599
38.399563 0.851087
38.409561 0.999797
38.419559 0.829328
38.429558 0.394027
38.439556 -0.167099
38.449554 -0.674866
38.459553 -0.967127
38.469551 -0.950603
38.479549 -0.630563
38.489548 -0.109165
38.499546 0.447093
38.509544 0.860501
38.519543 0.999265
38.529541 0.818933
38.539539 0.377091
38.549538 -0.185168
38.559536 -0.688184
38.569534 -0.971595
38.579533 -0.944746
38.589531 -0.616211
38.599529 -0.091057
38.609528 0.463298
38.619526 0.869707
38.629524 0.998393
38.639523 0.808261
38.649521 0.360172
38.659519 -0.203022
38.669518 -0.701385
38.679516 -0.975775
38.689514 -0.938624
38.699512 -0.601776
38.709511 -0.072763
38.719509 0.479486
38.729507 0.878620
38.739506 0.997196
38.749504 0.797411
38.759502 0.342989
38.769501 -0.220960
38.779499 -0.714350
38.789497 -0.979595
38.799496 -0.932134
38.809494 -0.587015
38.819492 -0.054444
38.829491 0.495377
38.839489 0.887165
38.849487 0.995654
38.859486 0.786201
38.869484 0.325690
38.879482 -0.238673
38.889481 -0.726967
38.899479 -0.983119
38.909477 -0.925331
38.919476 -0.572184
38.929474 -0.036263
38.939472 0.511238
38.949471 0.895485
38.959469 0.993777
38.969467 0.774824
38.979465 0.308429
38.989464 -0.256457
38.999462 -0.739448
39.009460 -0.986311
39.019459 -0.918277
39.029457 -0.557035
39.039455 -0.017914
39.049454 0.526927
39.059452 0.903437
39.069450 0.991585
39.079449 0.763090
39.089447 0.290917
39.099445 -0.274154
39.109444 -0.751578
39.119442 -0.989149
39.129440 -0.910855
39.139439 -0.541698
39.149437 0.000285
39.159435 0.542307
39.169434 0.911154
39.179432 0.989042
39.189430 0.751099
39.199429 0.273457
39.209427 -0.291611
39.219425 -0.763559
39.229424 -0.991679
39.239422 -0.903193
39.249420 -0.526310
39.259418 0.018640
39.269417 0.557637
39.279415 0.918564
39.289413 0.986191
39.299412 0.738960
39.309410 0.255756
39.319408 -0.309119
39.329407 -0.775184
39.339405 -0.993858
39.349403 -0.895162
39.359402 -0.510614
39.369400 0.036988
39.379398 0.572652
39.389397 0.925605
39.399395 0.982986
39.409393 0.726469
39.419392 0.237968
39.429390 -0.326376
39.439388 -0.786649
39.449387 -0.995721
39.459385 -0.886830
39.469383 -0.494882
39.479382 0.055169
39.489380 0.587602
39.499378 0.932397
39.509377 0.979449
39.519375 0.713842
39.529373 0.220252
39.539371 -0.343670
39.549370 -0.797849
39.559368 -0.997238
39.569366 -0.878273
39.579365 -0.478849
39.589363 0.073486
39.599361 0.602355
39.609360 0.938820
39.619358 0.975616
39.629356 0.700868
39.639355 0.202311
39.649353 -0.360849
39.659351 -0.808688
39.669350 -0.998433
39.679348 -0.869349
39.689346 -0.462655
39.699345 0.091624
39.709343 0.616782
39.719341 0.944983
39.729340 0.971423
39.739338 0.687657
39.749336 0.184455
39.759335 -0.377762
39.769333 -0.819349
39.779331 -0.999292
39.789330 -0.860211
39.799328 -0.446444
39.809326 0.109886
39.819324 0.631126
39.829323 0.950828
39.839321 0.966942
39.849319 0.674330
39.859318 0.166384
39.869316 -0.394693
39.879314 -0.829647
39.889313 -0.999811
39.899311 -0.850706
39.909309 -0.429945
39.919308 0.128111
39.929306 0.645138
39.939304 0.956308
39.949303 0.962099
39.959301 0.660663
39.969299 0.148411
39.979298 -0.411350
39.989296 -0.839754
39.999294 -0.999999
40.009293 -0.840915
40.019291 -0.413442
40.029289 0.146139
40.039288 0.659054
40.049286 0.961513
40.059284 0.956931
40.069283 0.646892
40.079281 0.130235
40.089279 -0.428010
40.099277 -0.849578
40.109276 -0.999853
40.119274 -0.830927
40.129272 -0.396660
40.139271 0.164272
40.149269 0.672747
40.159267 0.966354
40.169266 0.951489
40.179264 0.632786
40.189262 0.112014
40.199261 -0.444387
40.209259 -0.859037
40.219257 -0.999370
40.229256 -0.820574
40.239254 -0.379744
40.249252 0.182197
40.259251 0.686101
40.269249 0.970912
40.279247 0.945682
40.289246 0.618466
40.299244 0.093911
40.309242 -0.460755
40.319241 -0.868289
40.329239 -0.998551
40.339237 -0.810037
40.349236 -0.362845
40.359234 0.200214
40.369232 0.699339
40.379230 0.975143
40.389229 0.939609
40.399227 0.604063
40.409225 0.075622
40.419224 -0.476968
40.429222 -0.877173
40.439220 -0.997406
40.449219 -0.799138
40.459217 -0.345680
40.469215 0.218163
40.479214 0.712231
40.489212 0.979014
40.499210 0.933168
40.509209 0.589334
40.519207 0.057462
40.529205 -0.492885
40.539204 -0.885838
40.549202 -0.995917
40.559200 -0.787969
40.569199 -0.328546
40.579197 0.235888
40.589195 0.724995
40.599194 0.982590
40.609192 0.926472
40.619190 0.574533
40.629189 0.039128
40.639187 -0.508772
40.649185 -0.894206
40.659184 -0.994109
40.669182 -0.776633
40.679180 -0.311155
40.689178 0.253685
40.699177 0.737515
40.709175 0.985808
40.719173 0.919408
40.729172 0.559413
40.739170 0.020781
40.749168 -0.524356
40.759167 -0.902205
40.769165 -0.991952
40.779163 -0.764940
40.789162 -0.293659
40.799160 0.271247
40.809158 0.749684
40.819157 0.988724
40.829155 0.912034
40.839153 0.544235
40.849152 0.002582
40.859150 -0.539896
40.869148 -0.909969
40.879147 -0.989461
40.889145 -0.753091
40.899143 -0.276213
40.909142 0.288868
40.919140 0.761704
40.929138 0.991306
40.939137 0.904420
40.949135 0.528745
40.959133 -0.015773
40.969131 -0.555255
40.979130 -0.917365
40.989128 -0.986662
40.999126 -0.740888
41.009125 -0.258526
41.019123 0.306391
41.029121 0.773370
41.039120 0.993536
41.049118 0.896436
41.059116 0.513077
41.069115 -0.033968
41.079113 -0.570299
41.089111 -0.924517
41.099110 -0.983508
41.109108 -0.728436
41.119106 -0.240903
41.129105 0.323665
41.139103 0.784876
41.149101 0.995452
41.159100 0.888222
41.169098 0.497371
41.179096 -0.052306
41.189095 -0.585280
41.199093 -0.931357
41.209091 -0.980054
41.219090 -0.715846
41.229088 -0.223048
41.239086 0.340977
41.249084 0.796023
