0.000000 0.000000
0.010000 -0.634159
0.020000 -0.336747
0.030000 -0.226978
0.040000 -0.170887
0.050000 0.693075
0.060000 -0.114296
0.070000 0.992042
0.080000 -0.085760
0.090000 0.901624
0.100000 0.927611
0.110000 -0.592066
0.120000 -0.057183
0.130000 0.791836
0.140000 0.750304
0.150000 -0.964212
0.160000 -0.042953
0.170000 -0.772996
0.180000 -0.846294
0.190000 -0.036196
0.200000 -0.559613
0.210000 0.463167
0.220000 0.311604
0.230000 -0.799350
0.240000 -0.028677
0.250000 0.152602
0.260000 0.441127
0.270000 -0.988912
0.280000 -0.411627
0.290000 0.341675
0.300000 0.606163
0.310000 0.504560
0.320000 0.021465
0.330000 -0.741959
0.340000 -0.903982
0.350000 0.332946
0.360000 0.875400
0.370000 -0.792831
0.380000 -0.018054
0.390000 0.676185
0.400000 -0.956215
0.410000 0.998486
0.420000 -0.971166
0.430000 0.963328
0.440000 -0.987484
0.450000 0.995999
0.460000 -0.894640
0.470000 0.577906
0.480000 -0.014273
0.490000 -0.637520
0.500000 0.997073
0.510000 -0.683560
0.520000 -0.226507
0.530000 0.961149
0.540000 -0.652449
0.550000 -0.480855
0.560000 0.977575
0.570000 -0.012010
0.580000 -0.984848
0.590000 0.274277
0.600000 0.947470
0.610000 -0.314783
0.620000 -0.965252
0.630000 0.159774
0.640000 0.999943
0.650000 0.181786
0.660000 -0.913889
0.670000 -0.638949
0.680000 0.534959
0.690000 0.977019
0.700000 0.168934
0.710000 -0.832212
0.720000 -0.861237
0.730000 0.052380
0.740000 0.897048
0.750000 0.839407
0.760000 -0.008998
0.770000 -0.834970
0.780000 -0.931872
0.790000 -0.266456
0.800000 0.594678
0.810000 0.998763
0.820000 0.687401
0.830000 -0.083839
0.839999 -0.786880
0.849999 -0.990575
0.859999 -0.604863
0.869999 0.115926
0.879999 0.760813
0.889999 0.999679
0.899999 0.738042
0.909999 0.130211
0.919999 -0.525917
0.929999 -0.940279
0.939999 -0.952923
0.949999 -0.581950
0.959999 0.007118
0.969999 0.582994
0.979999 0.940854
0.989999 0.970161
0.999999 0.679550
1.009999 0.178893
1.019999 -0.367483
1.029999 -0.796608
1.039999 -0.993480
1.049999 -0.916950
1.059999 -0.601662
1.069999 -0.139955
1.079999 0.347960
1.089999 0.746048
1.099999 0.968708
1.109999 0.976240
1.119999 0.778012
1.129999 0.424835
1.139999 -0.005995
1.149999 -0.428682
1.159999 -0.765963
1.169999 -0.962127
1.179999 -0.990368
1.189999 -0.854120
1.199999 -0.583169
1.209999 -0.226054
1.219999 0.159422
1.229999 0.515786
1.239999 0.794136
1.249999 0.960065
1.259999 0.996784
1.269999 0.905485
1.279999 0.703323
1.289999 0.419656
1.299999 0.091282
1.309999 -0.242587
1.319999 -0.544987
1.329999 -0.785024
1.339999 -0.940542
1.349999 -0.999555
1.359999 -0.960439
1.369999 -0.831088
1.379999 -0.627241
1.389999 -0.370279
1.399999 -0.084779
1.409999 0.203931
1.419999 0.471980
1.429999 0.698785
1.439999 0.868387
1.449999 0.970270
1.459999 0.999657
1.469999 0.957336
1.479999 0.849101
1.489999 0.684895
1.499999 0.477759
1.509999 0.242692
1.519999 -0.004493
1.529999 -0.248240
1.539999 -0.474181
1.549999 -0.669894
1.559999 -0.825463
1.569999 -0.933824
1.579999 -0.990920
1.589999 -0.995659
1.599999 -0.949729
1.609999 -0.857272
1.619999 -0.724475
1.629999 -0.559093
1.639999 -0.369952
1.649999 -0.166443
1.659999 0.041952
1.669999 0.246090
1.679999 0.437542
1.689999 0.608894
1.699999 0.753976
1.709999 0.868015
1.719999 0.947714
1.729999 0.991268
1.739999 0.998313
1.749999 0.969833
1.759999 0.908014
1.769999 0.816080
1.779999 0.698098
1.789999 0.558779
1.799999 0.403269
1.809999 0.236949
1.819999 0.065248
1.829999 -0.106531
1.839999 -0.273368
1.849999 -0.430649
1.859999 -0.574277
1.869999 -0.700750
1.879999 -0.807219
1.889999 -0.891514
1.899999 -0.952161
1.909999 -0.988367
1.919999 -0.999994
1.929999 -0.987516
1.939999 -0.951967
1.949998 -0.894870
1.959998 -0.818175
1.969998 -0.724177
1.979998 -0.615445
1.989998 -0.494742
1.999998 -0.364949
2.009999 -0.228999
2.019999 -0.089813
2.029999 0.049771
2.039999 0.187039
2.049999 0.319454
2.059999 0.444690
2.069999 0.560669
2.079998 0.665577
2.089998 0.757885
2.099998 0.836360
2.109998 0.900064
2.119998 0.948353
2.129998 0.980871
2.139998 0.997536
2.149998 0.998525
2.159998 0.984254
2.169998 0.955356
2.179998 0.912660
2.189998 0.857162
2.199998 0.790003
2.209998 0.712441
2.219998 0.625824
2.229998 0.531569
2.239998 0.431135
2.249998 0.325999
2.259998 0.217637
2.269998 0.107501
2.279998 -0.002995
2.289998 -0.112493
2.299998 -0.219707
2.309998 -0.323433
2.319998 -0.422558
2.329998 -0.516073
2.339998 -0.603072
2.349998 -0.682765
2.359998 -0.754473
2.369998 -0.817634
2.379998 -0.871801
2.389998 -0.916641
2.399998 -0.951932
2.409998 -0.977558
2.419998 -0.993507
2.429998 -0.999862
2.439998 -0.996798
2.449998 -0.984570
2.459998 -0.963514
2.469998 -0.934033
2.479998 -0.896589
2.489998 -0.851701
2.499998 -0.799931
2.509998 -0.741882
2.519998 -0.678184
2.529998 -0.609494
2.539998 -0.536481
2.549998 -0.459828
2.559998 -0.380218
2.569998 -0.298334
2.579998 -0.214847
2.589998 -0.130418
2.599998 -0.045691
2.609998 0.038716
2.619998 0.122207
2.629998 0.204217
2.639998 0.284213
2.649998 0.361693
2.659998 0.436194
2.669998 0.507291
2.679998 0.574595
2.689998 0.637759
2.699998 0.696475
2.709998 0.750473
2.719998 0.799527
2.729998 0.843447
2.739998 0.882082
2.749998 0.915321
2.759998 0.943086
2.769998 0.965338
2.779998 0.982069
2.789998 0.993304
2.799998 0.999099
2.809998 0.999539
2.819998 0.994733
2.829998 0.984817
2.839998 0.969951
2.849998 0.950314
2.859998 0.926103
2.869998 0.897535
2.879998 0.864838
2.889998 0.828256
2.899998 0.788044
2.909998 0.744464
2.919998 0.697786
2.929998 0.648287
2.939998 0.596248
2.949998 0.541952
2.959998 0.485681
2.969998 0.427719
2.979998 0.368348
2.989998 0.307845
2.999998 0.246486
3.009998 0.184538
3.019998 0.122265
3.029998 0.059921
3.039998 -0.002245
3.049998 -0.063996
3.059998 -0.125101
3.069998 -0.185343
3.079998 -0.244511
3.089998 -0.302408
3.099998 -0.358846
3.109998 -0.413651
3.119998 -0.466659
3.129997 -0.517717
3.139997 -0.566686
3.149997 -0.613437
3.159997 -0.657854
3.169997 -0.699832
3.179997 -0.739280
3.189997 -0.776115
3.199997 -0.810269
3.209997 -0.841681
3.219997 -0.870305
3.229997 -0.896103
3.239997 -0.919048
3.249997 -0.939124
3.259997 -0.956322
3.269997 -0.970645
3.279997 -0.982102
3.289997 -0.990714
3.299997 -0.996507
3.309997 -0.999515
3.319997 -0.999780
3.329997 -0.997351
3.339997 -0.992282
3.349997 -0.984634
3.359997 -0.974474
3.369997 -0.961872
3.379997 -0.946904
3.389997 -0.929649
3.399997 -0.910193
3.409997 -0.888622
3.419997 -0.865026
3.429997 -0.839498
3.439997 -0.812134
3.449997 -0.783030
3.459997 -0.752285
3.469997 -0.720000
3.479997 -0.686275
3.489997 -0.651211
3.499997 -0.614911
3.509997 -0.577476
3.519997 -0.539009
3.529997 -0.499610
3.539997 -0.459381
3.549997 -0.418421
3.559997 -0.376829
3.569997 -0.334701
3.579997 -0.292134
3.589997 -0.249222
3.599997 -0.206057
3.609997 -0.162730
3.619997 -0.119328
3.629997 -0.075938
3.639997 -0.032643
3.649997 0.010476
3.659997 0.053340
3.669997 0.095874
3.679997 0.138003
3.689997 0.179658
3.699997 0.220771
3.709997 0.261276
3.719997 0.301113
3.729997 0.340221
3.739997 0.378545
3.749997 0.416031
3.759997 0.452629
3.769997 0.488292
3.779997 0.522975
3.789997 0.556636
3.799997 0.589237
3.809997 0.620742
3.819997 0.651117
3.829997 0.680333
3.839997 0.708362
3.849997 0.735179
3.859997 0.760761
3.869997 0.785089
3.879997 0.808146
3.889997 0.829917
3.899997 0.850390
3.909997 0.869554
3.919997 0.887403
3.929997 0.903930
3.939997 0.919133
3.949997 0.933011
3.959997 0.945563
3.969997 0.956793
3.979997 0.966706
3.989997 0.975307
3.999997 0.982605
4.009997 0.988611
4.019997 0.993334
4.029997 0.996789
4.039998 0.998989
4.049998 0.999951
4.059998 0.999690
4.069998 0.998226
4.079998 0.995578
4.089999 0.991766
4.099999 0.986812
4.109999 0.980739
4.119999 0.973570
4.130000 0.965329
4.140000 0.956041
4.150000 0.945732
4.160000 0.934429
4.170001 0.922158
4.180001 0.908947
4.190001 0.894824
4.200001 0.879817
4.210001 0.863956
4.220002 0.847269
4.230002 0.829786
4.240002 0.811537
4.250002 0.792551
4.260003 0.772859
4.270003 0.752491
4.280003 0.731476
4.290003 0.709845
4.300004 0.687629
4.310004 0.664857
4.320004 0.641559
4.330004 0.617766
4.340004 0.593506
4.350005 0.568810
4.360005 0.543708
4.370005 0.518227
4.380005 0.492397
4.390006 0.466247
4.400006 0.439804
4.410006 0.413097
4.420006 0.386153
4.430007 0.358999
4.440007 0.331662
4.450007 0.304168
4.460007 0.276544
4.470007 0.248814
4.480008 0.221004
4.490008 0.193138
4.500008 0.165241
4.510008 0.137334
4.520009 0.109443
4.530009 0.081589
4.540009 0.053794
4.550009 0.026080
4.560009 -0.001533
4.570010 -0.029023
4.580010 -0.056372
4.590010 -0.083560
4.600010 -0.110568
4.610011 -0.137378
4.620011 -0.163972
4.630011 -0.190334
4.640011 -0.216446
4.650012 -0.242293
4.660012 -0.267859
4.670012 -0.293130
4.680012 -0.318090
4.690012 -0.342728
4.700013 -0.367028
4.710013 -0.390979
4.720013 -0.414568
4.730013 -0.437784
4.740014 -0.460615
4.750014 -0.483051
4.760014 -0.505083
4.770014 -0.526699
4.780015 -0.547892
4.790015 -0.568653
4.800015 -0.588973
4.810015 -0.608845
4.820015 -0.628262
4.830016 -0.647218
4.840016 -0.665705
4.850016 -0.683719
4.860016 -0.701254
4.870017 -0.718305
4.880017 -0.734868
4.890017 -0.750939
4.900017 -0.766514
4.910017 -0.781590
4.920018 -0.796164
4.930018 -0.810234
4.940018 -0.823797
4.950018 -0.836853
4.960019 -0.849399
4.970019 -0.861435
4.980019 -0.872960
4.990019 -0.883974
5.000020 -0.894477
5.010020 -0.904469
5.020020 -0.913951
5.030020 -0.922923
5.040020 -0.931388
5.050021 -0.939346
5.060021 -0.946799
5.070021 -0.953750
5.080021 -0.960201
5.090022 -0.966154
5.100022 -0.971612
5.110022 -0.976578
5.120022 -0.981056
5.130023 -0.985048
5.140023 -0.988559
5.150023 -0.991592
5.160023 -0.994151
5.170023 -0.996241
5.180024 -0.997866
5.190024 -0.999031
5.200024 -0.999740
5.210024 -0.999999
5.220025 -0.999811
5.230025 -0.999184
5.240025 -0.998121
5.250025 -0.996628
5.260026 -0.994711
5.270026 -0.992376
5.280026 -0.989628
5.290026 -0.986473
5.300026 -0.982917
5.310027 -0.978967
5.320027 -0.974628
5.330027 -0.969906
5.340027 -0.964808
5.350028 -0.959341
5.360028 -0.953510
5.370028 -0.947323
5.380028 -0.940785
5.390028 -0.933904
5.400029 -0.926685
5.410029 -0.919136
5.420029 -0.911264
5.430029 -0.903074
5.440030 -0.894574
5.450030 -0.885770
5.460030 -0.876670
5.470030 -0.867280
5.480031 -0.857607
5.490031 -0.847657
5.500031 -0.837438
5.510031 -0.826955
5.520031 -0.816217
5.530032 -0.805230
5.540032 -0.794000
5.550032 -0.782534
5.560032 -0.770840
5.570033 -0.758923
5.580033 -0.746790
5.590033 -0.734448
5.600033 -0.721904
5.610034 -0.709165
5.620034 -0.696235
5.630034 -0.683123
5.640034 -0.669835
5.650034 -0.656377
5.660035 -0.642755
5.670035 -0.628976
5.680035 -0.615046
5.690035 -0.600972
5.700036 -0.586759
5.710036 -0.572414
5.720036 -0.557942
5.730036 -0.543350
5.740036 -0.528643
5.750037 -0.513829
5.760037 -0.498911
5.770037 -0.483897
5.780037 -0.468792
5.790038 -0.453601
5.800038 -0.438330
5.810038 -0.422985
5.820038 -0.407571
5.830039 -0.392094
5.840039 -0.376558
5.850039 -0.360969
5.860039 -0.345333
5.870039 -0.329654
5.880040 -0.313937
5.890040 -0.298187
5.900040 -0.282410
5.910040 -0.266609
5.920041 -0.250791
5.930041 -0.234958
5.940041 -0.219117
5.950041 -0.203271
5.960042 -0.187426
5.970042 -0.171585
5.980042 -0.155752
5.990042 -0.139933
6.000042 -0.124130
6.010043 -0.108349
6.020043 -0.092593
6.030043 -0.076866
6.040043 -0.061172
6.050044 -0.045515
6.060044 -0.029898
6.070044 -0.014326
6.080044 0.001199
6.090044 0.016672
6.100045 0.032091
6.110045 0.047451
6.120045 0.062750
6.130045 0.077985
6.140046 0.093152
6.150046 0.108248
6.160046 0.123270
6.170046 0.138216
6.180047 0.153082
6.190047 0.167865
6.200047 0.182564
6.210047 0.197174
6.220047 0.211694
6.230048 0.226121
6.240048 0.240453
6.250048 0.254687
6.260048 0.268821
6.270049 0.282852
6.280049 0.296778
6.290049 0.310598
6.300049 0.324309
6.310050 0.337909
6.320050 0.351396
6.330050 0.364768
6.340050 0.378023
6.350050 0.391161
6.360051 0.404177
6.370051 0.417073
6.380051 0.429844
6.390051 0.442491
6.400052 0.455011
6.410052 0.467403
6.420052 0.479666
6.430052 0.491798
6.440053 0.503798
6.450053 0.515665
6.460053 0.527398
6.470053 0.538995
6.480053 0.550455
6.490054 0.561778
6.500054 0.572962
6.510054 0.584007
6.520054 0.594911
6.530055 0.605674
6.540055 0.616295
6.550055 0.626772
6.560055 0.637107
6.570055 0.647297
6.580056 0.657342
6.590056 0.667242
6.600056 0.676996
6.610056 0.686603
6.620057 0.696064
6.630057 0.705377
6.640057 0.714542
6.650057 0.723560
6.660058 0.732429
6.670058 0.741149
6.680058 0.749721
6.690058 0.758143
6.700058 0.766417
6.710059 0.774540
6.720059 0.782515
6.730059 0.790340
6.740059 0.798016
6.750060 0.805542
6.760060 0.812918
6.770060 0.820146
6.780060 0.827224
6.790061 0.834152
6.800061 0.840932
6.810061 0.847563
6.820061 0.854045
6.830061 0.860379
6.840062 0.866565
6.850062 0.872603
6.860062 0.878493
6.870062 0.884236
6.880063 0.889833
6.890063 0.895283
6.900063 0.900587
6.910063 0.905745
6.920063 0.910758
6.930064 0.915627
6.940064 0.920351
6.950064 0.924932
6.960064 0.929370
6.970065 0.933665
6.980065 0.937818
6.990065 0.941830
7.000065 0.945700
7.010066 0.949431
7.020066 0.953022
7.030066 0.956475
7.040066 0.959789
7.050066 0.962966
7.060067 0.966006
7.070067 0.968909
7.080067 0.971678
7.090067 0.974312
7.100068 0.976812
7.110068 0.979179
7.120068 0.981414
7.130068 0.983517
7.140069 0.985490
7.150069 0.987333
7.160069 0.989047
7.170069 0.990632
7.180069 0.992091
7.190070 0.993423
7.200070 0.994629
7.210070 0.995711
7.220070 0.996669
7.230071 0.997504
7.240071 0.998217
7.250071 0.998809
7.260071 0.999281
7.270072 0.999634
7.280072 0.999868
7.290072 0.999985
7.300072 0.999986
7.310072 0.999871
7.320073 0.999642
7.330073 0.999299
7.340073 0.998844
7.350073 0.998277
7.360074 0.997599
7.370074 0.996812
7.380074 0.995916
7.390074 0.994913
7.400074 0.993803
7.410075 0.992587
7.420075 0.991267
7.430075 0.989843
7.440075 0.988316
7.450076 0.986688
7.460076 0.984959
7.470076 0.983130
7.480076 0.981203
7.490077 0.979178
7.500077 0.977057
7.510077 0.974840
7.520077 0.972528
7.530077 0.970123
7.540078 0.967625
7.550078 0.965036
7.560078 0.962356
7.570078 0.959587
7.580079 0.956729
7.590079 0.953784
7.600079 0.950752
7.610079 0.947635
7.620080 0.944434
7.630080 0.941149
7.640080 0.937781
7.650080 0.934332
7.660080 0.930803
7.670081 0.927194
7.680081 0.923507
7.690081 0.919742
7.700081 0.915901
7.710082 0.911984
7.720082 0.907993
7.730082 0.903929
7.740082 0.899792
7.750082 0.895583
7.760083 0.891304
7.770083 0.886955
7.780083 0.882538
7.790083 0.878053
7.800084 0.873501
7.810084 0.868884
7.820084 0.864202
7.830084 0.859456
7.840085 0.854647
7.850085 0.849777
7.860085 0.844845
7.870085 0.839853
7.880085 0.834802
7.890086 0.829693
7.900086 0.824527
7.910086 0.819305
7.920086 0.814027
7.930087 0.808694
7.940087 0.803308
7.950087 0.797869
7.960087 0.792378
7.970088 0.786837
7.980088 0.781245
7.990088 0.775604
8.000088 0.769915
8.010088 0.764179
8.020088 0.758396
8.030088 0.752567
8.040089 0.746693
8.050089 0.740776
8.060089 0.734815
8.070089 0.728812
8.080090 0.722767
8.090090 0.716682
8.100090 0.710557
8.110090 0.704393
8.120090 0.698190
8.130091 0.691951
8.140091 0.685674
8.150091 0.679362
8.160091 0.673015
8.170092 0.666634
8.180092 0.660219
8.190092 0.653771
8.200092 0.647292
8.210093 0.640781
8.220093 0.634240
8.230093 0.627670
8.240093 0.621070
8.250093 0.614442
8.260094 0.607787
8.270094 0.601105
8.280094 0.594397
8.290094 0.587664
8.300095 0.580907
8.310095 0.574125
8.320095 0.567320
8.330095 0.560493
8.340096 0.553644
8.350096 0.546774
8.360096 0.539883
8.370096 0.532973
8.380096 0.526043
8.390097 0.519095
8.400097 0.512129
8.410097 0.505146
8.420097 0.498147
8.430098 0.491132
8.440098 0.484101
8.450098 0.477056
8.460098 0.469996
8.470098 0.462924
8.480099 0.455838
8.490099 0.448741
8.500099 0.441631
8.510099 0.434511
8.520100 0.427380
8.530100 0.420239
8.540100 0.413089
8.550100 0.405931
8.560101 0.398764
8.570101 0.391589
8.580101 0.384407
8.590101 0.377219
8.600101 0.370025
8.610102 0.362825
8.620102 0.355621
8.630102 0.348412
8.640102 0.341199
8.650103 0.333983
8.660103 0.326763
8.670103 0.319542
8.680103 0.312318
8.690104 0.305093
8.700104 0.297867
8.710104 0.290641
8.720104 0.283415
8.730104 0.276189
8.740105 0.268964
8.750105 0.261741
8.760105 0.254519
8.770105 0.247300
8.780106 0.240083
8.790106 0.232870
8.800106 0.225660
8.810106 0.218454
8.820107 0.211253
8.830107 0.204056
8.840107 0.196865
8.850107 0.189679
8.860107 0.182500
8.870108 0.175327
8.880108 0.168161
8.890108 0.161002
8.900108 0.153851
8.910109 0.146708
8.920109 0.139573
8.930109 0.132447
8.940109 0.125330
8.950109 0.118222
8.960110 0.111125
8.970110 0.104037
8.980110 0.096960
8.990110 0.089894
9.000111 0.082839
9.010111 0.075796
9.020111 0.068764
9.030111 0.061745
9.040112 0.054738
9.050112 0.047744
9.060112 0.040763
9.070112 0.033795
9.080112 0.026841
9.090113 0.019901
9.100113 0.012976
9.110113 0.006065
9.120113 -0.000831
9.130114 -0.007712
9.140114 -0.014578
9.150114 -0.021428
9.160114 -0.028262
9.170115 -0.035080
9.180115 -0.041881
9.190115 -0.048665
9.200115 -0.055433
9.210115 -0.062183
9.220116 -0.068916
9.230116 -0.075631
9.240116 -0.082328
9.250116 -0.089007
9.260117 -0.095667
9.270117 -0.102309
9.280117 -0.108932
9.290117 -0.115536
9.300117 -0.122121
9.310118 -0.128686
9.320118 -0.135232
9.330118 -0.141757
9.340118 -0.148263
9.350119 -0.154748
9.360119 -0.161212
9.370119 -0.167656
9.380119 -0.174080
9.390120 -0.180482
9.400120 -0.186862
9.410120 -0.193222
9.420120 -0.199560
9.430120 -0.205876
9.440121 -0.212170
9.450121 -0.218442
9.460121 -0.224692
9.470121 -0.230919
9.480122 -0.237124
9.490122 -0.243306
9.500122 -0.249465
9.510122 -0.255602
9.520123 -0.261715
9.530123 -0.267805
9.540123 -0.273871
9.550123 -0.279914
9.560123 -0.285933
9.570124 -0.291929
9.580124 -0.297900
9.590124 -0.303848
9.600124 -0.309771
9.610125 -0.315670
9.620125 -0.321545
9.630125 -0.327395
9.640125 -0.333220
9.650126 -0.339021
9.660126 -0.344797
9.670126 -0.350548
9.680126 -0.356274
9.690126 -0.361975
9.700127 -0.367650
9.710127 -0.373301
9.720127 -0.378925
9.730127 -0.384525
9.740128 -0.390099
9.750128 -0.395647
9.760128 -0.401169
9.770128 -0.406666
9.780128 -0.412137
9.790129 -0.417582
9.800129 -0.423001
9.810129 -0.428393
9.820129 -0.433760
9.830130 -0.439100
9.840130 -0.444414
9.850130 -0.449702
9.860130 -0.454963
9.870131 -0.460198
9.880131 -0.465407
9.890131 -0.470589
9.900131 -0.475744
9.910131 -0.480872
9.920132 -0.485974
9.930132 -0.491050
9.940132 -0.496098
9.950132 -0.501120
9.960133 -0.506114
9.970133 -0.511082
9.980133 -0.516023
9.990133 -0.520937
10.000134 -0.525824
10.010134 -0.530684
10.020134 -0.535517
10.030134 -0.540323
10.040134 -0.545102
10.050135 -0.549854
10.060135 -0.554578
10.070135 -0.559276
10.080135 -0.563946
10.090136 -0.568589
10.100136 -0.573205
10.110136 -0.577794
10.120136 -0.582355
10.130136 -0.586890
10.140137 -0.591397
10.150137 -0.595877
10.160137 -0.600330
10.170137 -0.604755
10.180138 -0.609153
10.190138 -0.613524
10.200138 -0.617868
10.210138 -0.622184
10.220139 -0.626474
10.230139 -0.630736
10.240139 -0.634970
10.250139 -0.639178
10.260139 -0.643359
10.270140 -0.647512
10.280140 -0.651638
10.290140 -0.655737
10.300140 -0.659809
10.310141 -0.663853
10.320141 -0.667871
10.330141 -0.671861
10.340141 -0.675825
10.350142 -0.679761
10.360142 -0.683670
10.370142 -0.687553
10.380142 -0.691408
10.390142 -0.695237
10.400143 -0.699038
10.410143 -0.702813
10.420143 -0.706560
10.430143 -0.710281
10.440144 -0.713975
10.450144 -0.717642
10.460144 -0.721283
10.470144 -0.724897
10.480145 -0.728484
10.490145 -0.732044
10.500145 -0.735578
10.510145 -0.739085
10.520145 -0.742566
10.530146 -0.746020
10.540146 -0.749448
10.550146 -0.752850
10.560146 -0.756225
10.570147 -0.759573
10.580147 -0.762896
10.590147 -0.766192
10.600147 -0.769462
10.610147 -0.772706
10.620148 -0.775923
10.630148 -0.779115
10.640148 -0.782281
10.650148 -0.785420
10.660149 -0.788534
10.670149 -0.791622
10.680149 -0.794684
10.690149 -0.797720
10.700150 -0.800731
10.710150 -0.803716
10.720150 -0.806675
10.730150 -0.809609
10.740150 -0.812517
10.750151 -0.815400
10.760151 -0.818258
10.770151 -0.821090
10.780151 -0.823897
10.790152 -0.826678
10.800152 -0.829435
10.810152 -0.832166
10.820152 -0.834873
10.830153 -0.837554
10.840153 -0.840210
10.850153 -0.842842
10.860153 -0.845449
10.870153 -0.848031
10.880154 -0.850589
10.890154 -0.853121
10.900154 -0.855630
10.910154 -0.858113
10.920155 -0.860573
10.930155 -0.863008
10.940155 -0.865419
10.950155 -0.867805
10.960155 -0.870168
10.970156 -0.872506
10.980156 -0.874820
10.990156 -0.877111
11.000156 -0.879377
11.010157 -0.881620
11.020157 -0.883839
11.030157 -0.886034
11.040157 -0.888205
11.050158 -0.890353
11.060158 -0.892478
11.070158 -0.894579
11.080158 -0.896657
11.090158 -0.898712
11.100159 -0.900743
11.110159 -0.902751
11.120159 -0.904737
11.130159 -0.906699
11.140160 -0.908638
11.150160 -0.910555
11.160160 -0.912449
11.170160 -0.914320
11.180161 -0.916168
11.190161 -0.917994
11.200161 -0.919798
11.210161 -0.921579
11.220161 -0.923337
11.230162 -0.925074
11.240162 -0.926788
11.250162 -0.928481
11.260162 -0.930151
11.270163 -0.931799
11.280163 -0.933426
11.290163 -0.935030
11.300163 -0.936613
11.310163 -0.938175
11.320164 -0.939714
11.330164 -0.941233
11.340164 -0.942729
11.350164 -0.944205
11.360165 -0.945659
11.370165 -0.947092
11.380165 -0.948504
11.390165 -0.949895
11.400166 -0.951265
11.410166 -0.952614
11.420166 -0.953942
11.430166 -0.955250
11.440166 -0.956537
11.450167 -0.957803
11.460167 -0.959049
11.470167 -0.960275
11.480167 -0.961480
11.490168 -0.962665
11.500168 -0.963830
11.510168 -0.964974
11.520168 -0.966099
11.530169 -0.967203
11.540169 -0.968288
11.550169 -0.969353
11.560169 -0.970399
11.570169 -0.971424
11.580170 -0.972430
11.590170 -0.973417
11.600170 -0.974384
11.610170 -0.975332
11.620171 -0.976261
11.630171 -0.977170
11.640171 -0.978061
11.650171 -0.978932
11.660172 -0.979785
11.670172 -0.980618
11.680172 -0.981433
11.690172 -0.982230
11.700172 -0.983007
11.710173 -0.983766
11.720173 -0.984507
11.730173 -0.985229
11.740173 -0.985933
11.750174 -0.986619
11.760174 -0.987286
11.770174 -0.987936
11.780174 -0.988567
11.790174 -0.989181
11.800175 -0.989777
11.810175 -0.990355
11.820175 -0.990915
11.830175 -0.991458
11.840176 -0.991983
11.850176 -0.992491
11.860176 -0.992981
11.870176 -0.993454
11.880177 -0.993910
11.890177 -0.994349
11.900177 -0.994771
11.910177 -0.995176
11.920177 -0.995563
11.930178 -0.995934
11.940178 -0.996289
11.950178 -0.996626
11.960178 -0.996947
11.970179 -0.997252
11.980179 -0.997540
11.990179 -0.997812
12.000179 -0.998067
12.010180 -0.998306
12.020180 -0.998529
12.030180 -0.998736
12.040180 -0.998927
12.050180 -0.999102
12.060181 -0.999261
12.070181 -0.999405
12.080181 -0.999533
12.090181 -0.999645
12.100182 -0.999742
12.110182 -0.999823
12.120182 -0.999889
12.130182 -0.999939
12.140182 -0.999975
12.150183 -0.999995
12.160183 -1.000000
12.170183 -0.999990
12.180183 -0.999965
12.190184 -0.999925
12.200184 -0.999871
12.210184 -0.999801
12.220184 -0.999717
12.230185 -0.999619
12.240185 -0.999506
12.250185 -0.999379
12.260185 -0.999237
12.270185 -0.999081
12.280186 -0.998911
12.290186 -0.998726
12.300186 -0.998528
12.310186 -0.998316
12.320187 -0.998089
12.330187 -0.997849
12.340187 -0.997595
12.350187 -0.997328
12.360188 -0.997046
12.370188 -0.996751
12.380188 -0.996443
12.390188 -0.996121
12.400188 -0.995786
12.410189 -0.995438
12.420189 -0.995077
12.430189 -0.994702
12.440189 -0.994314
12.450190 -0.993913
12.460190 -0.993500
12.470190 -0.993073
12.480190 -0.992634
12.490191 -0.992182
12.500191 -0.991717
12.510191 -0.991240
12.520191 -0.990750
12.530191 -0.990248
12.540192 -0.989733
12.550192 -0.989206
12.560192 -0.988667
12.570192 -0.988116
12.580193 -0.987553
12.590193 -0.986977
12.600193 -0.986390
12.610193 -0.985790
12.620193 -0.985179
12.630194 -0.984556
12.640194 -0.983922
12.650194 -0.983275
12.660194 -0.982617
12.670195 -0.981948
12.680195 -0.981267
12.690195 -0.980575
12.700195 -0.979871
12.710196 -0.979157
12.720196 -0.978431
12.730196 -0.977694
12.740196 -0.976946
12.750196 -0.976187
12.760197 -0.975416
12.770197 -0.974636
12.780197 -0.973844
12.790197 -0.973041
12.800198 -0.972228
12.810198 -0.971405
12.820198 -0.970570
12.830198 -0.969726
12.840199 -0.968870
12.850199 -0.968005
12.860199 -0.967129
12.870199 -0.966243
12.880199 -0.965347
12.890200 -0.964440
12.900200 -0.963524
12.910200 -0.962597
12.920200 -0.961661
12.930201 -0.960715
12.940201 -0.959759
12.950201 -0.958793
12.960201 -0.957818
12.970201 -0.956832
12.980202 -0.955838
12.990202 -0.954834
13.000202 -0.953820
13.010202 -0.952797
13.020203 -0.951765
13.030203 -0.950723
13.040203 -0.949672
13.050203 -0.948612
13.060204 -0.947543
13.070204 -0.946465
13.080204 -0.945377
13.090204 -0.944281
13.100204 -0.943176
13.110205 -0.942062
13.120205 -0.940940
13.130205 -0.939809
13.140205 -0.938669
13.150206 -0.937520
13.160206 -0.936363
13.170206 -0.935197
13.180206 -0.934023
13.190207 -0.932841
13.200207 -0.931650
13.210207 -0.930451
13.220207 -0.929244
13.230207 -0.928029
13.240208 -0.926806
13.250208 -0.925574
13.260208 -0.924335
13.270208 -0.923087
13.280209 -0.921832
13.290209 -0.920569
13.300209 -0.919298
13.310209 -0.918019
13.320210 -0.916733
13.330210 -0.915439
13.340210 -0.914138
13.350210 -0.912829
13.360210 -0.911512
13.370211 -0.910188
13.380211 -0.908857
13.390211 -0.907519
13.400211 -0.906173
13.410212 -0.904820
13.420212 -0.903459
13.430212 -0.902092
13.440212 -0.900718
13.450212 -0.899336
13.460213 -0.897948
13.470213 -0.896553
13.480213 -0.895151
13.490213 -0.893742
13.500214 -0.892326
13.510214 -0.890904
13.520214 -0.889474
13.530214 -0.888039
13.540215 -0.886596
13.550215 -0.885148
13.560215 -0.883692
13.570215 -0.882231
13.580215 -0.880763
13.590216 -0.879288
13.600216 -0.877807
13.610216 -0.876320
13.620216 -0.874827
13.630217 -0.873328
13.640217 -0.871823
13.650217 -0.870311
13.660217 -0.868794
13.670218 -0.867270
13.680218 -0.865741
13.690218 -0.864206
13.700218 -0.862665
13.710218 -0.861118
13.720219 -0.859565
13.730219 -0.858007
13.740219 -0.856443
13.750219 -0.854873
13.760220 -0.853298
13.770220 -0.851718
13.780220 -0.850132
13.790220 -0.848540
13.800220 -0.846943
13.810221 -0.845341
13.820221 -0.843733
13.830221 -0.842120
13.840221 -0.840502
13.850222 -0.838879
13.860222 -0.837251
13.870222 -0.835617
13.880222 -0.833979
13.890223 -0.832335
13.900223 -0.830687
13.910223 -0.829033
13.920223 -0.827375
13.930223 -0.825712
13.940224 -0.824044
13.950224 -0.822371
13.960224 -0.820693
13.970224 -0.819011
13.980225 -0.817324
13.990225 -0.815633
14.000225 -0.813937
14.010225 -0.812237
14.020226 -0.810532
14.030226 -0.808822
14.040226 -0.807108
14.050226 -0.805390
14.060226 -0.803667
14.070227 -0.801941
14.080227 -0.800209
14.090227 -0.798474
14.100227 -0.796735
14.110228 -0.794991
14.120228 -0.793243
14.130228 -0.791491
14.140228 -0.789735
14.150229 -0.787975
14.160229 -0.786211
14.170229 -0.784444
14.180229 -0.782672
14.190229 -0.780896
14.200230 -0.779117
14.210230 -0.777334
14.220230 -0.775547
14.230230 -0.773756
14.240231 -0.771962
14.250231 -0.770164
14.260231 -0.768363
14.270231 -0.766558
14.280231 -0.764749
14.290232 -0.762937
14.300232 -0.761121
14.310232 -0.759302
14.320232 -0.757480
14.330233 -0.755654
14.340233 -0.753825
14.350233 -0.751993
14.360233 -0.750157
14.370234 -0.748318
14.380234 -0.746476
14.390234 -0.744631
14.400234 -0.742782
14.410234 -0.740931
14.420235 -0.739076
14.430235 -0.737218
14.440235 -0.735358
14.450235 -0.733494
14.460236 -0.731628
14.470236 -0.729758
14.480236 -0.727886
14.490236 -0.726011
14.500237 -0.724133
14.510237 -0.722252
14.520237 -0.720368
14.530237 -0.718482
14.540237 -0.716593
14.550238 -0.714702
14.560238 -0.712807
14.570238 -0.710910
14.580238 -0.709011
14.590239 -0.707109
14.600239 -0.705205
14.610239 -0.703298
14.620239 -0.701388
14.630239 -0.699476
14.640240 -0.697562
14.650240 -0.695645
14.660240 -0.693727
14.670240 -0.691805
14.680241 -0.689882
14.690241 -0.687956
14.700241 -0.686028
14.710241 -0.684098
14.720242 -0.682165
14.730242 -0.680231
14.740242 -0.678294
14.750242 -0.676355
14.760242 -0.674415
14.770243 -0.672472
14.780243 -0.670527
14.790243 -0.668580
14.800243 -0.666631
14.810244 -0.664681
14.820244 -0.662728
14.830244 -0.660773
14.840244 -0.658817
14.850245 -0.656859
14.860245 -0.654899
14.870245 -0.652937
14.880245 -0.650974
14.890245 -0.649009
14.900246 -0.647042
14.910246 -0.645073
14.920246 -0.643103
14.930246 -0.641131
14.940247 -0.639158
14.950247 -0.637183
14.960247 -0.635207
14.970247 -0.633228
14.980247 -0.631249
14.990248 -0.629268
15.000248 -0.627286
15.010248 -0.625302
15.020248 -0.623316
15.030249 -0.621330
15.040249 -0.619342
15.050249 -0.617352
15.060249 -0.615362
15.070250 -0.613370
15.080250 -0.611377
15.090250 -0.609382
15.100250 -0.607387
15.110250 -0.605390
15.120251 -0.603392
15.130251 -0.601393
15.140251 -0.599393
15.150251 -0.597391
15.160252 -0.595389
15.170252 -0.593385
15.180252 -0.591381
15.190252 -0.589375
15.200253 -0.587369
15.210253 -0.585361
15.220253 -0.583353
15.230253 -0.581344
15.240253 -0.579333
15.250254 -0.577322
15.260254 -0.575310
15.270254 -0.573297
15.280254 -0.571283
15.290255 -0.569269
15.300255 -0.567254
15.310255 -0.565238
15.320255 -0.563221
15.330256 -0.561203
15.340256 -0.559185
15.350256 -0.557166
15.360256 -0.555147
15.370256 -0.553126
15.380257 -0.551105
15.390257 -0.549084
15.400257 -0.547062
15.410257 -0.545039
15.420258 -0.543016
15.430258 -0.540993
15.440258 -0.538968
15.450258 -0.536944
15.460258 -0.534919
15.470259 -0.532893
15.480259 -0.530867
15.490259 -0.528840
15.500259 -0.526814
15.510260 -0.524786
15.520260 -0.522759
15.530260 -0.520731
15.540260 -0.518703
15.550261 -0.516674
15.560261 -0.514645
15.570261 -0.512616
15.580261 -0.510587
15.590261 -0.508557
15.600262 -0.506527
15.610262 -0.504497
15.620262 -0.502467
15.630262 -0.500436
15.640263 -0.498406
15.650263 -0.496375
15.660263 -0.494344
15.670263 -0.492313
15.680264 -0.490282
15.690264 -0.488251
15.700264 -0.486220
15.710264 -0.484189
15.720264 -0.482158
15.730265 -0.480126
15.740265 -0.478095
15.750265 -0.476064
15.760265 -0.474033
15.770266 -0.472002
15.780266 -0.469971
15.790266 -0.467940
15.800266 -0.465909
15.810266 -0.463878
15.820267 -0.461847
15.830267 -0.459817
15.840267 -0.457787
15.850267 -0.455757
15.860268 -0.453727
15.870268 -0.451697
15.880268 -0.449667
15.890268 -0.447638
15.900269 -0.445609
15.910269 -0.443580
15.920269 -0.441552
15.930269 -0.439524
15.940269 -0.437496
15.950270 -0.435468
15.960270 -0.433441
15.970270 -0.431414
15.980270 -0.429388
15.990271 -0.427362
16.000271 -0.425336
16.010271 -0.423311
16.020271 -0.421286
16.030272 -0.419261
16.040272 -0.417237
16.050272 -0.415213
16.060272 -0.413190
16.070272 -0.411168
16.080273 -0.409145
16.090273 -0.407124
16.100273 -0.405103
16.110273 -0.403082
16.120274 -0.401062
16.130274 -0.399042
16.140274 -0.397023
16.150274 -0.395005
16.160275 -0.392987
16.170275 -0.390970
16.180275 -0.388954
16.190275 -0.386938
16.200275 -0.384922
16.210276 -0.382908
16.220276 -0.380894
16.230276 -0.378881
16.240276 -0.376868
16.250277 -0.374856
16.260277 -0.372845
16.270277 -0.370834
16.280277 -0.368825
16.290277 -0.366816
16.300278 -0.364807
16.310278 -0.362800
16.320278 -0.360793
16.330278 -0.358787
16.340279 -0.356782
16.350279 -0.354778
16.360279 -0.352775
16.370279 -0.350772
16.380280 -0.348770
16.390280 -0.346769
16.400280 -0.344769
16.410280 -0.342770
16.420280 -0.340772
16.430281 -0.338774
16.440281 -0.336778
16.450281 -0.334782
16.460281 -0.332787
16.470282 -0.330794
16.480282 -0.328801
16.490282 -0.326809
16.500282 -0.324818
16.510283 -0.322828
16.520283 -0.320839
16.530283 -0.318851
16.540283 -0.316864
16.550283 -0.314879
16.560284 -0.312894
16.570284 -0.310910
16.580284 -0.308927
16.590284 -0.306945
16.600285 -0.304965
16.610285 -0.302985
16.620285 -0.301006
16.630285 -0.299029
16.640285 -0.297052
16.650286 -0.295077
16.660286 -0.293103
16.670286 -0.291130
16.680286 -0.289158
16.690287 -0.287187
16.700287 -0.285218
16.710287 -0.283249
16.720287 -0.281282
16.730288 -0.279316
16.740288 -0.277351
16.750288 -0.275387
16.760288 -0.273424
16.770288 -0.271463
16.780289 -0.269503
16.790289 -0.267544
16.800289 -0.265586
16.810289 -0.263630
16.820290 -0.261674
16.830290 -0.259720
16.840290 -0.257768
16.850290 -0.255816
16.860291 -0.253866
16.870291 -0.251917
16.880291 -0.249969
16.890291 -0.248023
16.900291 -0.246078
16.910292 -0.244134
16.920292 -0.242192
16.930292 -0.240251
16.940292 -0.238311
16.950293 -0.236373
16.960293 -0.234436
16.970293 -0.232500
16.980293 -0.230566
16.990294 -0.228633
17.000294 -0.226701
17.010294 -0.224771
17.020294 -0.222842
17.030294 -0.220914
17.040295 -0.218988
17.050295 -0.217064
17.060295 -0.215141
17.070295 -0.213219
17.080296 -0.211298
17.090296 -0.209379
17.100296 -0.207462
17.110296 -0.205546
17.120296 -0.203631
17.130297 -0.201718
17.140297 -0.199806
17.150297 -0.197896
17.160297 -0.195987
17.170298 -0.194080
17.180298 -0.192174
17.190298 -0.190270
17.200298 -0.188367
17.210299 -0.186466
17.220299 -0.184566
17.230299 -0.182668
17.240299 -0.180771
17.250299 -0.178876
17.260300 -0.176983
17.270300 -0.175090
17.280300 -0.173200
17.290300 -0.171311
17.300301 -0.169423
17.310301 -0.167537
17.320301 -0.165653
17.330301 -0.163770
17.340302 -0.161889
17.350302 -0.160010
17.360302 -0.158132
17.370302 -0.156255
17.380302 -0.154380
17.390303 -0.152507
17.400303 -0.150635
17.410303 -0.148765
17.420303 -0.146897
17.430304 -0.145030
17.440304 -0.143165
17.450304 -0.141301
17.460304 -0.139440
17.470304 -0.137579
17.480305 -0.135721
17.490305 -0.133864
17.500305 -0.132008
17.510305 -0.130155
17.520306 -0.128303
17.530306 -0.126452
17.540306 -0.124604
17.550306 -0.122757
17.560307 -0.120911
17.570307 -0.119068
17.580307 -0.117226
17.590307 -0.115386
17.600307 -0.113547
17.610308 -0.111710
17.620308 -0.109875
17.630308 -0.108042
17.640308 -0.106210
17.650309 -0.104380
17.660309 -0.102552
17.670309 -0.100725
17.680309 -0.098900
17.690310 -0.097077
17.700310 -0.095256
17.710310 -0.093436
17.720310 -0.091618
17.730310 -0.089802
17.740311 -0.087988
17.750311 -0.086175
17.760311 -0.084364
17.770311 -0.082555
17.780312 -0.080748
17.790312 -0.078942
17.800312 -0.077138
17.810312 -0.075336
17.820312 -0.073536
17.830313 -0.071737
17.840313 -0.069941
17.850313 -0.068146
17.860313 -0.066353
17.870314 -0.064561
17.880314 -0.062772
17.890314 -0.060984
17.900314 -0.059198
17.910315 -0.057414
17.920315 -0.055632
17.930315 -0.053851
17.940315 -0.052072
17.950315 -0.050295
17.960316 -0.048520
17.970316 -0.046747
17.980316 -0.044976
17.990316 -0.043206
18.000317 -0.041438
18.010317 -0.039672
18.020317 -0.037908
18.030317 -0.036146
18.040318 -0.034386
18.050318 -0.032627
18.060318 -0.030870
18.070318 -0.029115
18.080318 -0.027362
18.090319 -0.025611
18.100319 -0.023862
18.110319 -0.022115
18.120319 -0.020369
18.130320 -0.018625
18.140320 -0.016883
18.150320 -0.015143
18.160320 -0.013405
18.170321 -0.011669
18.180321 -0.009935
18.190321 -0.008202
18.200321 -0.006471
18.210321 -0.004743
18.220322 -0.003016
18.230322 -0.001291
18.240322 0.000432
18.250322 0.002153
18.260323 0.003873
18.270323 0.005590
18.280323 0.007306
18.290323 0.009019
18.300323 0.010731
18.310324 0.012441
18.320324 0.014149
18.330324 0.015855
18.340324 0.017559
18.350325 0.019261
18.360325 0.020961
18.370325 0.022660
18.380325 0.024356
18.390326 0.026051
18.400326 0.027743
18.410326 0.029434
18.420326 0.031123
18.430326 0.032810
18.440327 0.034494
18.450327 0.036177
18.460327 0.037859
18.470327 0.039538
18.480328 0.041215
18.490328 0.042890
18.500328 0.044564
18.510328 0.046235
18.520329 0.047905
18.530329 0.049572
18.540329 0.051238
18.550329 0.052901
18.560329 0.054563
18.570330 0.056223
18.580330 0.057881
18.590330 0.059537
18.600330 0.061191
18.610331 0.062843
18.620331 0.064493
18.630331 0.066141
18.640331 0.067787
18.650331 0.069432
18.660332 0.071074
18.670332 0.072714
18.680332 0.074353
18.690332 0.075989
18.700333 0.077624
18.710333 0.079256
18.720333 0.080887
18.730333 0.082515
18.740334 0.084142
18.750334 0.085767
18.760334 0.087389
18.770334 0.089010
18.780334 0.090629
18.790335 0.092246
18.800335 0.093861
18.810335 0.095474
18.820335 0.097085
18.830336 0.098694
18.840336 0.100301
18.850336 0.101906
18.860336 0.103509
18.870337 0.105110
18.880337 0.106709
18.890337 0.108306
18.900337 0.109902
18.910337 0.111495
18.920338 0.113086
18.930338 0.114675
18.940338 0.116263
18.950338 0.117848
18.960339 0.119432
18.970339 0.121013
18.980339 0.122592
18.990339 0.124170
19.000340 0.125745
19.010340 0.127319
19.020340 0.128891
19.030340 0.130460
19.040340 0.132028
19.050341 0.133593
19.060341 0.135157
19.070341 0.136719
19.080341 0.138278
19.090342 0.139836
19.100342 0.141392
19.110342 0.142946
19.120342 0.144497
19.130342 0.146047
19.140343 0.147595
19.150343 0.149141
19.160343 0.150685
19.170343 0.152227
19.180344 0.153767
19.190344 0.155305
19.200344 0.156841
19.210344 0.158375
19.220345 0.159907
19.230345 0.161437
19.240345 0.162965
19.250345 0.164491
19.260345 0.166015
19.270346 0.167537
19.280346 0.169057
19.290346 0.170576
19.300346 0.172092
19.310347 0.173606
19.320347 0.175118
19.330347 0.176628
19.340347 0.178137
19.350348 0.179643
19.360348 0.181147
19.370348 0.182650
19.380348 0.184150
19.390348 0.185649
19.400349 0.187145
19.410349 0.188640
19.420349 0.190132
19.430349 0.191623
19.440350 0.193111
19.450350 0.194598
19.460350 0.196082
19.470350 0.197565
19.480350 0.199045
19.490351 0.200524
19.500351 0.202001
19.510351 0.203476
19.520351 0.204948
19.530352 0.206419
19.540352 0.207888
19.550352 0.209355
19.560352 0.210820
19.570353 0.212283
19.580353 0.213743
19.590353 0.215202
19.600353 0.216659
19.610353 0.218114
19.620354 0.219567
19.630354 0.221019
19.640354 0.222468
19.650354 0.223915
19.660355 0.225360
19.670355 0.226803
19.680355 0.228245
19.690355 0.229684
19.700356 0.231121
19.710356 0.232557
19.720356 0.233990
19.730356 0.235421
19.740356 0.236851
19.750357 0.238279
19.760357 0.239704
19.770357 0.241128
19.780357 0.242549
19.790358 0.243969
19.800358 0.245387
19.810358 0.246803
19.820358 0.248216
19.830359 0.249628
19.840359 0.251038
19.850359 0.252446
19.860359 0.253852
19.870359 0.255256
19.880360 0.256659
19.890360 0.258059
19.900360 0.259457
19.910360 0.260853
19.920361 0.262248
19.930361 0.263640
19.940361 0.265030
19.950361 0.266419
19.960361 0.267805
19.970362 0.269190
19.980362 0.270573
19.990362 0.271954
20.000362 0.273332
20.010363 0.274709
20.020363 0.276084
20.030363 0.277457
20.040363 0.278828
20.050364 0.280197
20.060364 0.281564
20.070364 0.282930
20.080364 0.284293
20.090364 0.285654
20.100365 0.287014
20.110365 0.288371
20.120365 0.289727
20.130365 0.291081
20.140366 0.292432
20.150366 0.293782
20.160366 0.295130
20.170366 0.296476
20.180367 0.297820
20.190367 0.299162
20.200367 0.300502
20.210367 0.301841
20.220367 0.303177
20.230368 0.304512
20.240368 0.305844
20.250368 0.307175
20.260368 0.308504
20.270369 0.309830
20.280369 0.311155
20.290369 0.312478
20.300369 0.313799
20.310369 0.315118
20.320370 0.316436
20.330370 0.317751
20.340370 0.319065
20.350370 0.320376
20.360371 0.321686
20.370371 0.322993
20.380371 0.324299
20.390371 0.325603
20.400372 0.326905
20.410372 0.328206
20.420372 0.329504
20.430372 0.330800
20.440372 0.332095
20.450373 0.333387
20.460373 0.334678
20.470373 0.335967
20.480373 0.337254
20.490374 0.338539
20.500374 0.339822
20.510374 0.341103
20.520374 0.342383
20.530375 0.343660
20.540375 0.344936
20.550375 0.346210
20.560375 0.347481
20.570375 0.348751
20.580376 0.350020
20.590376 0.351286
20.600376 0.352550
20.610376 0.353813
20.620377 0.355073
20.630377 0.356332
20.640377 0.357589
20.650377 0.358844
20.660378 0.360097
20.670378 0.361349
20.680378 0.362598
20.690378 0.363846
20.700378 0.365092
20.710379 0.366336
20.720379 0.367578
20.730379 0.368818
20.740379 0.370056
20.750380 0.371293
20.760380 0.372527
20.770380 0.373760
20.780380 0.374991
20.790380 0.376220
20.800381 0.377447
20.810381 0.378673
20.820381 0.379896
20.830381 0.381118
20.840382 0.382338
20.850382 0.383556
20.860382 0.384772
20.870382 0.385987
20.880383 0.387199
20.890383 0.388410
20.900383 0.389619
20.910383 0.390826
20.920383 0.392032
20.930384 0.393235
20.940384 0.394437
20.950384 0.395636
20.960384 0.396834
20.970385 0.398031
20.980385 0.399225
20.990385 0.400418
21.000385 0.401608
21.010386 0.402797
21.020386 0.403984
21.030386 0.405170
21.040386 0.406353
21.050386 0.407535
21.060387 0.408715
21.070387 0.409893
21.080387 0.411069
21.090387 0.412244
21.100388 0.413416
21.110388 0.414587
21.120388 0.415756
21.130388 0.416924
21.140388 0.418089
21.150389 0.419253
21.160389 0.420415
21.170389 0.421575
21.180389 0.422733
21.190390 0.423890
21.200390 0.425045
21.210390 0.426198
21.220390 0.427349
21.230391 0.428498
21.240391 0.429646
21.250391 0.430792
21.260391 0.431936
21.270391 0.433079
21.280392 0.434219
21.290392 0.435358
21.300392 0.436495
21.310392 0.437631
21.320393 0.438764
21.330393 0.439896
21.340393 0.441026
21.350393 0.442154
21.360394 0.443281
21.370394 0.444406
21.380394 0.445529
21.390394 0.446650
21.400394 0.447769
21.410395 0.448887
21.420395 0.450003
21.430395 0.451118
21.440395 0.452230
21.450396 0.453341
21.460396 0.454450
21.470396 0.455557
21.480396 0.456663
21.490396 0.457767
21.500397 0.458869
21.510397 0.459969
21.520397 0.461068
21.530397 0.462165
21.540398 0.463260
21.550398 0.464354
21.560398 0.465446
21.570398 0.466536
21.580399 0.467624
21.590399 0.468711
21.600399 0.469796
21.610399 0.470879
21.620399 0.471960
21.630400 0.473040
21.640400 0.474118
21.650400 0.475195
21.660400 0.476269
21.670401 0.477342
21.680401 0.478414
21.690401 0.479483
21.700401 0.480551
21.710402 0.481617
21.720402 0.482682
21.730402 0.483745
21.740402 0.484806
21.750402 0.485865
21.760403 0.486923
21.770403 0.487979
21.780403 0.489033
21.790403 0.490086
21.800404 0.491137
21.810404 0.492186
21.820404 0.493234
21.830404 0.494280
21.840405 0.495324
21.850405 0.496367
21.860405 0.497408
21.870405 0.498447
21.880405 0.499485
21.890406 0.500521
21.900406 0.501555
21.910406 0.502588
21.920406 0.503619
21.930407 0.504648
21.940407 0.505676
21.950407 0.506702
21.960407 0.507726
21.970407 0.508749
21.980408 0.509770
21.990408 0.510790
22.000408 0.511807
22.010408 0.512824
22.020409 0.513838
22.030409 0.514851
22.040409 0.515862
22.050409 0.516872
22.060410 0.517880
22.070410 0.518886
22.080410 0.519891
22.090410 0.520894
22.100410 0.521896
22.110411 0.522895
22.120411 0.523894
22.130411 0.524890
22.140411 0.525885
22.150412 0.526879
22.160412 0.527870
22.170412 0.528860
22.180412 0.529849
22.190413 0.530836
22.200413 0.531821
22.210413 0.532805
22.220413 0.533787
22.230413 0.534768
22.240414 0.535746
22.250414 0.536724
22.260414 0.537699
22.270414 0.538674
22.280415 0.539646
22.290415 0.540617
22.300415 0.541586
22.310415 0.542554
22.320415 0.543520
22.330416 0.544485
22.340416 0.545448
22.350416 0.546409
22.360416 0.547369
22.370417 0.548327
22.380417 0.549284
22.390417 0.550239
22.400417 0.551193
22.410418 0.552145
22.420418 0.553095
22.430418 0.554044
22.440418 0.554991
22.450418 0.555937
22.460419 0.556881
22.470419 0.557824
22.480419 0.558765
22.490419 0.559704
22.500420 0.560642
22.510420 0.561579
22.520420 0.562513
22.530420 0.563447
22.540421 0.564378
22.550421 0.565309
22.560421 0.566237
22.570421 0.567164
22.580421 0.568090
22.590422 0.569014
22.600422 0.569936
22.610422 0.570857
22.620422 0.571777
22.630423 0.572695
22.640423 0.573611
22.650423 0.574526
22.660423 0.575439
22.670424 0.576351
22.680424 0.577261
22.690424 0.578170
22.700424 0.579077
22.710424 0.579983
22.720425 0.580887
22.730425 0.581790
22.740425 0.582691
22.750425 0.583591
22.760426 0.584489
22.770426 0.585386
22.780426 0.586281
22.790426 0.587175
22.800426 0.588067
22.810427 0.588958
22.820427 0.589847
22.830427 0.590735
22.840427 0.591621
22.850428 0.592506
22.860428 0.593389
22.870428 0.594271
22.880428 0.595151
22.890429 0.596030
22.900429 0.596907
22.910429 0.597783
22.920429 0.598657
22.930429 0.599530
22.940430 0.600401
22.950430 0.601271
22.960430 0.602140
22.970430 0.603007
22.980431 0.603872
22.990431 0.604736
23.000431 0.605599
23.010431 0.606460
23.020432 0.607320
23.030432 0.608178
23.040432 0.609035
23.050432 0.609890
23.060432 0.610744
23.070433 0.611597
23.080433 0.612448
23.090433 0.613297
23.100433 0.614145
23.110434 0.614992
23.120434 0.615837
23.130434 0.616681
23.140434 0.617523
23.150434 0.618364
23.160435 0.619204
23.170435 0.620042
23.180435 0.620878
23.190435 0.621713
23.200436 0.622547
23.210436 0.623380
23.220436 0.624210
23.230436 0.625040
23.240437 0.625868
23.250437 0.626695
23.260437 0.627520
23.270437 0.628344
23.280437 0.629166
23.290438 0.629987
23.300438 0.630807
23.310438 0.631625
23.320438 0.632442
23.330439 0.633257
23.340439 0.634071
23.350439 0.634884
23.360439 0.635695
23.370440 0.636505
23.380440 0.637313
23.390440 0.638120
23.400440 0.638926
23.410440 0.639730
23.420441 0.640533
23.430441 0.641334
23.440441 0.642135
23.450441 0.642933
23.460442 0.643731
23.470442 0.644527
23.480442 0.645321
23.490442 0.646114
23.500443 0.646906
23.510443 0.647697
23.520443 0.648486
23.530443 0.649273
23.540443 0.650060
23.550444 0.650845
23.560444 0.651628
23.570444 0.652411
23.580444 0.653192
23.590445 0.653971
23.600445 0.654750
23.610445 0.655526
23.620445 0.656302
23.630445 0.657076
23.640446 0.657849
23.650446 0.658620
23.660446 0.659391
23.670446 0.660159
23.680447 0.660927
23.690447 0.661693
23.700447 0.662458
23.710447 0.663221
23.720448 0.663983
23.730448 0.664744
23.740448 0.665503
23.750448 0.666262
23.760448 0.667018
23.770449 0.667774
23.780449 0.668528
23.790449 0.669281
23.800449 0.670032
23.810450 0.670783
23.820450 0.671531
23.830450 0.672279
23.840450 0.673025
23.850451 0.673770
23.860451 0.674514
23.870451 0.675256
23.880451 0.675997
23.890451 0.676737
23.900452 0.677475
23.910452 0.678213
23.920452 0.678948
23.930452 0.679683
23.940453 0.680416
23.950453 0.681148
23.960453 0.681879
23.970453 0.682608
23.980453 0.683336
23.990454 0.684063
24.000454 0.684789
24.010454 0.685513
24.020454 0.686236
24.030455 0.686958
24.040455 0.687678
24.050455 0.688397
24.060455 0.689115
24.070456 0.689832
24.080456 0.690547
24.090456 0.691261
24.100456 0.691974
24.110456 0.692685
24.120457 0.693395
24.130457 0.694104
24.140457 0.694812
24.150457 0.695519
24.160458 0.696224
24.170458 0.696928
24.180458 0.697631
24.190458 0.698332
24.200459 0.699032
24.210459 0.699731
24.220459 0.700429
24.230459 0.701125
24.240459 0.701821
24.250460 0.702515
24.260460 0.703207
24.270460 0.703899
24.280460 0.704589
24.290461 0.705278
24.300461 0.705966
24.310461 0.706653
24.320461 0.707338
24.330462 0.708022
24.340462 0.708705
24.350462 0.709387
24.360462 0.710067
24.370462 0.710747
24.380463 0.711425
24.390463 0.712101
24.400463 0.712777
24.410463 0.713451
24.420464 0.714125
24.430464 0.714796
24.440464 0.715467
24.450464 0.716137
24.460464 0.716805
24.470465 0.717472
24.480465 0.718138
24.490465 0.718803
24.500465 0.719466
24.510466 0.720129
24.520466 0.720790
24.530466 0.721450
24.540466 0.722109
24.550467 0.722766
24.560467 0.723423
24.570467 0.724078
24.580467 0.724732
24.590467 0.725385
24.600468 0.726036
24.610468 0.726687
24.620468 0.727336
24.630468 0.727984
24.640469 0.728631
24.650469 0.729277
24.660469 0.729921
24.670469 0.730565
24.680470 0.731207
24.690470 0.731848
24.700470 0.732488
24.710470 0.733127
24.720470 0.733764
24.730471 0.734401
24.740471 0.735036
24.750471 0.735670
24.760471 0.736303
24.770472 0.736935
24.780472 0.737566
24.790472 0.738195
24.800472 0.738824
24.810472 0.739451
24.820473 0.740077
24.830473 0.740702
24.840473 0.741325
24.850473 0.741948
24.860474 0.742570
24.870474 0.743190
24.880474 0.743809
24.890474 0.744427
24.900475 0.745044
24.910475 0.745660
24.920475 0.746275
24.930475 0.746888
24.940475 0.747501
24.950476 0.748112
24.960476 0.748722
24.970476 0.749331
24.980476 0.749939
24.990477 0.750546
25.000477 0.751152
25.010477 0.751756
25.020477 0.752360
25.030478 0.752962
25.040478 0.753564
25.050478 0.754164
25.060478 0.754763
25.070478 0.755361
25.080479 0.755957
25.090479 0.756553
25.100479 0.757148
25.110479 0.757741
25.120480 0.758334
25.130480 0.758925
25.140480 0.759515
25.150480 0.760105
25.160480 0.760693
25.170481 0.761280
25.180481 0.761865
25.190481 0.762450
25.200481 0.763034
25.210482 0.763617
25.220482 0.764198
25.230482 0.764778
25.240482 0.765358
25.250483 0.765936
25.260483 0.766513
25.270483 0.767090
25.280483 0.767665
25.290483 0.768239
25.300484 0.768812
25.310484 0.769383
25.320484 0.769954
25.330484 0.770524
25.340485 0.771093
25.350485 0.771660
25.360485 0.772227
25.370485 0.772792
25.380486 0.773357
25.390486 0.773920
25.400486 0.774482
25.410486 0.775044
25.420486 0.775604
25.430487 0.776163
25.440487 0.776721
25.450487 0.777278
25.460487 0.777834
25.470488 0.778389
25.480488 0.778943
25.490488 0.779496
25.500488 0.780048
25.510489 0.780599
25.520489 0.781148
25.530489 0.781697
25.540489 0.782245
25.550489 0.782792
25.560490 0.783337
25.570490 0.783882
25.580490 0.784425
25.590490 0.784968
25.600491 0.785510
25.610491 0.786050
25.620491 0.786590
25.630491 0.787128
25.640491 0.787666
25.650492 0.788202
25.660492 0.788737
25.670492 0.789272
25.680492 0.789805
25.690493 0.790338
25.700493 0.790869
25.710493 0.791399
25.720493 0.791929
25.730494 0.792457
25.740494 0.792984
25.750494 0.793511
25.760494 0.794036
25.770494 0.794560
25.780495 0.795084
25.790495 0.795606
25.800495 0.796128
25.810495 0.796648
25.820496 0.797167
25.830496 0.797686
25.840496 0.798203
25.850496 0.798719
25.860497 0.799235
25.870497 0.799749
25.880497 0.800263
25.890497 0.800775
25.900497 0.801287
25.910498 0.801797
25.920498 0.802307
25.930498 0.802815
25.940498 0.803323
25.950499 0.803830
25.960499 0.804335
25.970499 0.804840
25.980499 0.805344
25.990499 0.805846
26.000500 0.806348
26.010500 0.806849
26.020500 0.807349
26.030500 0.807848
26.040501 0.808345
26.050501 0.808842
26.060501 0.809338
26.070501 0.809833
26.080502 0.810328
26.090502 0.810821
26.100502 0.811313
26.110502 0.811804
26.120502 0.812294
26.130503 0.812784
26.140503 0.813272
26.150503 0.813760
26.160503 0.814246
26.170504 0.814732
26.180504 0.815216
26.190504 0.815700
26.200504 0.816183
26.210505 0.816664
26.220505 0.817145
26.230505 0.817625
26.240505 0.818104
26.250505 0.818582
26.260506 0.819059
26.270506 0.819536
26.280506 0.820011
26.290506 0.820485
26.300507 0.820959
26.310507 0.821431
26.320507 0.821903
26.330507 0.822373
26.340508 0.822843
26.350508 0.823312
26.360508 0.823780
26.370508 0.824247
26.380508 0.824713
26.390509 0.825178
26.400509 0.825642
26.410509 0.826106
26.420509 0.826568
26.430510 0.827030
26.440510 0.827490
26.450510 0.827950
26.460510 0.828409
26.470510 0.828867
26.480511 0.829324
26.490511 0.829780
26.500511 0.830235
26.510511 0.830689
26.520512 0.831143
26.530512 0.831595
26.540512 0.832047
26.550512 0.832498
26.560513 0.832948
26.570513 0.833397
26.580513 0.833845
26.590513 0.834292
26.600513 0.834738
26.610514 0.835184
26.620514 0.835628
26.630514 0.836072
26.640514 0.836515
26.650515 0.836957
26.660515 0.837398
26.670515 0.837838
26.680515 0.838277
26.690516 0.838716
26.700516 0.839153
26.710516 0.839590
26.720516 0.840026
26.730516 0.840461
26.740517 0.840895
26.750517 0.841328
26.760517 0.841761
26.770517 0.842192
26.780518 0.842623
26.790518 0.843052
26.800518 0.843481
26.810518 0.843909
26.820518 0.844337
26.830519 0.844763
26.840519 0.845189
26.850519 0.845613
26.860519 0.846037
26.870520 0.846460
26.880520 0.846882
26.890520 0.847303
26.900520 0.847724
26.910521 0.848143
26.920521 0.848562
26.930521 0.848980
26.940521 0.849397
26.950521 0.849813
26.960522 0.850229
26.970522 0.850643
26.980522 0.851057
26.990522 0.851470
27.000523 0.851882
27.010523 0.852293
27.020523 0.852703
27.030523 0.853113
27.040524 0.853522
27.050524 0.853930
27.060524 0.854337
27.070524 0.854743
27.080524 0.855148
27.090525 0.855553
27.100525 0.855957
27.110525 0.856360
27.120525 0.856762
27.130526 0.857163
27.140526 0.857564
27.150526 0.857963
27.160526 0.858362
27.170527 0.858760
27.180527 0.859158
27.190527 0.859554
27.200527 0.859950
27.210527 0.860344
27.220528 0.860739
27.230528 0.861132
27.240528 0.861524
27.250528 0.861916
27.260529 0.862307
27.270529 0.862697
27.280529 0.863086
27.290529 0.863474
27.300529 0.863862
27.310530 0.864249
27.320530 0.864635
27.330530 0.865020
27.340530 0.865405
27.350531 0.865788
27.360531 0.866171
27.370531 0.866553
27.380531 0.866935
27.390532 0.867315
27.400532 0.867695
27.410532 0.868074
27.420532 0.868452
27.430532 0.868830
27.440533 0.869206
27.450533 0.869582
27.460533 0.869957
27.470533 0.870331
27.480534 0.870705
27.490534 0.871078
27.500534 0.871450
27.510534 0.871821
27.520535 0.872191
27.530535 0.872561
27.540535 0.872930
27.550535 0.873298
27.560535 0.873665
27.570536 0.874032
27.580536 0.874398
27.590536 0.874763
27.600536 0.875127
27.610537 0.875491
27.620537 0.875854
27.630537 0.876216
27.640537 0.876577
27.650537 0.876938
27.660538 0.877297
27.670538 0.877657
27.680538 0.878015
27.690538 0.878372
27.700539 0.878729
27.710539 0.879085
27.720539 0.879440
27.730539 0.879795
27.740540 0.880149
27.750540 0.880502
27.760540 0.880854
27.770540 0.881206
27.780540 0.881557
27.790541 0.881907
27.800541 0.882256
27.810541 0.882605
27.820541 0.882953
27.830542 0.883300
27.840542 0.883646
27.850542 0.883992
27.860542 0.884337
27.870543 0.884681
27.880543 0.885025
27.890543 0.885368
27.900543 0.885710
27.910543 0.886051
27.920544 0.886392
27.930544 0.886732
27.940544 0.887071
27.950544 0.887409
27.960545 0.887747
27.970545 0.888084
27.980545 0.888420
27.990545 0.888756
28.000546 0.889091
28.010546 0.889425
28.020546 0.889758
28.030546 0.890091
28.040546 0.890423
28.050547 0.890754
28.060547 0.891085
28.070547 0.891415
28.080547 0.891744
28.090548 0.892072
28.100548 0.892400
28.110548 0.892727
28.120548 0.893054
28.130548 0.893379
28.140549 0.893704
28.150549 0.894029
28.160549 0.894352
28.170549 0.894675
28.180550 0.894997
28.190550 0.895319
28.200550 0.895640
28.210550 0.895960
28.220551 0.896279
28.230551 0.896598
28.240551 0.896916
28.250551 0.897233
28.260551 0.897550
28.270552 0.897866
28.280552 0.898181
28.290552 0.898496
28.300552 0.898810
28.310553 0.899123
28.320553 0.899435
28.330553 0.899747
28.340553 0.900059
28.350554 0.900369
28.360554 0.900679
28.370554 0.900988
28.380554 0.901297
28.390554 0.901604
28.400555 0.901912
28.410555 0.902218
28.420555 0.902524
28.430555 0.902829
28.440556 0.903134
28.450556 0.903437
28.460556 0.903740
28.470556 0.904043
28.480556 0.904345
28.490557 0.904646
28.500557 0.904946
28.510557 0.905246
28.520557 0.905545
28.530558 0.905844
28.540558 0.906142
28.550558 0.906439
28.560558 0.906735
28.570559 0.907031
28.580559 0.907327
28.590559 0.907621
28.600559 0.907915
28.610559 0.908208
28.620560 0.908501
28.630560 0.908793
28.640560 0.909084
28.650560 0.909375
28.660561 0.909665
28.670561 0.909954
28.680561 0.910243
28.690561 0.910531
28.700562 0.910819
28.710562 0.911106
28.720562 0.911392
28.730562 0.911677
28.740562 0.911962
28.750563 0.912246
28.760563 0.912530
28.770563 0.912813
28.780563 0.913095
28.790564 0.913377
28.800564 0.913658
28.810564 0.913939
28.820564 0.914219
28.830564 0.914498
28.840565 0.914776
28.850565 0.915054
28.860565 0.915332
28.870565 0.915608
28.880566 0.915884
28.890566 0.916160
28.900566 0.916435
28.910566 0.916709
28.920567 0.916983
28.930567 0.917256
28.940567 0.917528
28.950567 0.917800
28.960567 0.918071
28.970568 0.918341
28.980568 0.918611
28.990568 0.918880
29.000568 0.919149
29.010569 0.919417
29.020569 0.919685
29.030569 0.919951
29.040569 0.920218
29.050570 0.920483
29.060570 0.920748
29.070570 0.921013
29.080570 0.921276
29.090570 0.921540
29.100571 0.921802
29.110571 0.922064
29.120571 0.922326
29.130571 0.922586
29.140572 0.922847
29.150572 0.923106
29.160572 0.923365
29.170572 0.923624
29.180573 0.923881
29.190573 0.924139
29.200573 0.924395
29.210573 0.924651
29.220573 0.924907
29.230574 0.925161
29.240574 0.925416
29.250574 0.925669
29.260574 0.925922
29.270575 0.926175
29.280575 0.926427
29.290575 0.926678
29.300575 0.926929
29.310575 0.927179
29.320576 0.927429
29.330576 0.927678
29.340576 0.927926
29.350576 0.928174
29.360577 0.928421
29.370577 0.928668
29.380577 0.928914
29.390577 0.929159
29.400578 0.929404
29.410578 0.929648
29.420578 0.929892
29.430578 0.930135
29.440578 0.930378
29.450579 0.930620
29.460579 0.930862
29.470579 0.931103
29.480579 0.931343
29.490580 0.931583
29.500580 0.931822
29.510580 0.932061
29.520580 0.932299
29.530581 0.932536
29.540581 0.932773
29.550581 0.933010
29.560581 0.933245
29.570581 0.933481
29.580582 0.933715
29.590582 0.933949
29.600582 0.934183
29.610582 0.934416
29.620583 0.934649
29.630583 0.934880
29.640583 0.935112
29.650583 0.935343
29.660583 0.935573
29.670584 0.935803
29.680584 0.936032
29.690584 0.936260
29.700584 0.936489
29.710585 0.936716
29.720585 0.936943
29.730585 0.937169
29.740585 0.937395
29.750586 0.937621
29.760586 0.937845
29.770586 0.938070
29.780586 0.938293
29.790586 0.938517
29.800587 0.938739
29.810587 0.938961
29.820587 0.939183
29.830587 0.939404
29.840588 0.939624
29.850588 0.939844
29.860588 0.940064
29.870588 0.940282
29.880589 0.940501
29.890589 0.940719
29.900589 0.940936
29.910589 0.941153
29.920589 0.941369
29.930590 0.941584
29.940590 0.941800
29.950590 0.942014
29.960590 0.942228
29.970591 0.942442
29.980591 0.942655
29.990591 0.942867
30.000591 0.943079
30.010592 0.943291
30.020592 0.943502
30.030592 0.943712
30.040592 0.943922
30.050592 0.944131
30.060593 0.944340
30.070593 0.944548
30.080593 0.944756
30.090593 0.944964
30.100594 0.945170
30.110594 0.945377
30.120594 0.945582
30.130594 0.945788
30.140594 0.945992
30.150595 0.946197
30.160595 0.946400
30.170595 0.946603
30.180595 0.946806
30.190596 0.947008
30.200596 0.947210
30.210596 0.947411
30.220596 0.947612
30.230597 0.947812
30.240597 0.948012
30.250597 0.948211
30.260597 0.948409
30.270597 0.948608
30.280598 0.948805
30.290598 0.949002
30.300598 0.949199
30.310598 0.949395
30.320599 0.949591
30.330599 0.949786
30.340599 0.949980
30.350599 0.950175
30.360600 0.950368
30.370600 0.950561
30.380600 0.950754
30.390600 0.950946
30.400600 0.951138
30.410601 0.951329
30.420601 0.951520
30.430601 0.951710
30.440601 0.951900
30.450602 0.952089
30.460602 0.952278
30.470602 0.952466
30.480602 0.952654
30.490602 0.952841
30.500603 0.953028
30.510603 0.953214
30.520603 0.953400
30.530603 0.953585
30.540604 0.953770
30.550604 0.953954
30.560604 0.954138
30.570604 0.954322
30.580605 0.954505
30.590605 0.954687
30.600605 0.954869
30.610605 0.955051
30.620605 0.955232
30.630606 0.955412
30.640606 0.955592
30.650606 0.955772
30.660606 0.955951
30.670607 0.956130
30.680607 0.956308
30.690607 0.956486
30.700607 0.956663
30.710608 0.956840
30.720608 0.957016
30.730608 0.957192
30.740608 0.957367
30.750608 0.957542
30.760609 0.957717
30.770609 0.957891
30.780609 0.958064
30.790609 0.958237
30.800610 0.958410
30.810610 0.958582
30.820610 0.958754
30.830610 0.958925
30.840611 0.959096
30.850611 0.959266
30.860611 0.959436
30.870611 0.959605
30.880611 0.959774
30.890612 0.959942
30.900612 0.960110
30.910612 0.960278
30.920612 0.960445
30.930613 0.960612
30.940613 0.960778
30.950613 0.960944
30.960613 0.961109
30.970613 0.961274
30.980614 0.961438
30.990614 0.961602
31.000614 0.961766
31.010614 0.961929
31.020615 0.962091
31.030615 0.962254
31.040615 0.962415
31.050615 0.962577
31.060616 0.962737
31.070616 0.962898
31.080616 0.963058
31.090616 0.963217
31.100616 0.963376
31.110617 0.963535
31.120617 0.963693
31.130617 0.963851
31.140617 0.964008
31.150618 0.964165
31.160618 0.964322
31.170618 0.964478
31.180618 0.964633
31.190619 0.964788
31.200619 0.964943
31.210619 0.965097
31.220619 0.965251
31.230619 0.965404
31.240620 0.965557
31.250620 0.965710
31.260620 0.965862
31.270620 0.966014
31.280621 0.966165
31.290621 0.966316
31.300621 0.966466
31.310621 0.966616
31.320621 0.966766
31.330622 0.966915
31.340622 0.967063
31.350622 0.967212
31.360622 0.967360
31.370623 0.967507
31.380623 0.967654
31.390623 0.967801
31.400623 0.967947
31.410624 0.968093
31.420624 0.968238
31.430624 0.968383
31.440624 0.968527
31.450624 0.968671
31.460625 0.968815
31.470625 0.968958
31.480625 0.969101
31.490625 0.969243
31.500626 0.969385
31.510626 0.969527
31.520626 0.969668
31.530626 0.969809
31.540627 0.969949
31.550627 0.970089
31.560627 0.970229
31.570627 0.970368
31.580627 0.970506
31.590628 0.970645
31.600628 0.970783
31.610628 0.970920
31.620628 0.971057
31.630629 0.971194
31.640629 0.971330
31.650629 0.971466
31.660629 0.971601
31.670630 0.971736
31.680630 0.971871
31.690630 0.972005
31.700630 0.972139
31.710630 0.972273
31.720631 0.972406
31.730631 0.972538
31.740631 0.972671
31.750631 0.972802
31.760632 0.972934
31.770632 0.973065
31.780632 0.973196
31.790632 0.973326
31.800632 0.973456
31.810633 0.973585
31.820633 0.973714
31.830633 0.973843
31.840633 0.973971
31.850634 0.974099
31.860634 0.974227
31.870634 0.974354
31.880634 0.974481
31.890635 0.974607
31.900635 0.974733
31.910635 0.974859
31.920635 0.974984
31.930635 0.975109
31.940636 0.975233
31.950636 0.975357
31.960636 0.975481
31.970636 0.975604
31.980637 0.975727
31.990637 0.975849
32.000637 0.975971
32.010635 0.976093
32.020634 0.976214
32.030632 0.976335
32.040630 0.976456
32.050629 0.976576
32.060627 0.976696
32.070625 0.976815
32.080624 0.976934
32.090622 0.977053
32.100620 0.977171
32.110619 0.977289
32.120617 0.977407
32.130615 0.977524
32.140614 0.977641
32.150612 0.977757
32.160610 0.977873
32.170609 0.977989
32.180607 0.978104
32.190605 0.978219
32.200603 0.978334
32.210602 0.978448
32.220600 0.978562
32.230598 0.978675
32.240597 0.978788
32.250595 0.978901
32.260593 0.979013
32.270592 0.979125
32.280590 0.979237
32.290588 0.979348
32.300587 0.979459
32.310585 0.979570
32.320583 0.979680
32.330582 0.979790
32.340580 0.979899
32.350578 0.980008
32.360577 0.980117
32.370575 0.980225
32.380573 0.980333
32.390572 0.980441
32.400570 0.980548
32.410568 0.980655
32.420567 0.980762
32.430565 0.980868
32.440563 0.980974
32.450562 0.981079
32.460560 0.981184
32.470558 0.981289
32.480556 0.981394
32.490555 0.981498
32.500553 0.981602
32.510551 0.981705
32.520550 0.981808
32.530548 0.981911
32.540546 0.982013
32.550545 0.982115
32.560543 0.982217
32.570541 0.982318
32.580540 0.982419
32.590538 0.982519
32.600536 0.982620
32.610535 0.982719
32.620533 0.982819
32.630531 0.982918
32.640530 0.983017
32.650528 0.983115
32.660526 0.983214
32.670525 0.983311
32.680523 0.983409
32.690521 0.983506
32.700520 0.983603
32.710518 0.983699
32.720516 0.983795
32.730515 0.983891
32.740513 0.983987
32.750511 0.984082
32.760509 0.984176
32.770508 0.984271
32.780506 0.984365
32.790504 0.984459
32.800503 0.984552
32.810501 0.984645
32.820499 0.984738
32.830498 0.984830
32.840496 0.984922
32.850494 0.985014
32.860493 0.985105
32.870491 0.985196
32.880489 0.985287
32.890488 0.985378
32.900486 0.985468
32.910484 0.985557
32.920483 0.985647
32.930481 0.985736
32.940479 0.985825
32.950478 0.985913
32.960476 0.986001
32.970474 0.986089
32.980473 0.986176
32.990471 0.986263
33.000469 0.986350
33.010468 0.986437
33.020466 0.986523
33.030464 0.986609
33.040462 0.986694
33.050461 0.986779
33.060459 0.986864
33.070457 0.986949
33.080456 0.987033
33.090454 0.987117
33.100452 0.987200
33.110451 0.987283
33.120449 0.987366
33.130447 0.987449
33.140446 0.987531
33.150444 0.987613
33.160442 0.987695
33.170441 0.987776
33.180439 0.987857
33.190437 0.987938
33.200436 0.988018
33.210434 0.988098
33.220432 0.988178
33.230431 0.988257
33.240429 0.988336
33.250427 0.988415
33.260426 0.988494
33.270424 0.988572
33.280422 0.988650
33.290421 0.988727
33.300419 0.988805
33.310417 0.988881
33.320415 0.988958
33.330414 0.989034
33.340412 0.989110
33.350410 0.989186
33.360409 0.989261
33.370407 0.989337
33.380405 0.989411
33.390404 0.989486
33.400402 0.989560
33.410400 0.989634
33.420399 0.989707
33.430397 0.989781
33.440395 0.989854
33.450394 0.989926
33.460392 0.989999
33.470390 0.990071
33.480389 0.990142
33.490387 0.990214
33.500385 0.990285
33.510384 0.990356
33.520382 0.990426
33.530380 0.990496
33.540379 0.990566
33.550377 0.990636
33.560375 0.990705
33.570374 0.990774
33.580372 0.990843
33.590370 0.990912
33.600368 0.990980
33.610367 0.991048
33.620365 0.991115
33.630363 0.991182
33.640362 0.991249
33.650360 0.991316
33.660358 0.991382
33.670357 0.991448
33.680355 0.991514
33.690353 0.991580
33.700352 0.991645
33.710350 0.991710
33.720348 0.991775
33.730347 0.991839
33.740345 0.991903
33.750343 0.991967
33.760342 0.992030
33.770340 0.992093
33.780338 0.992156
33.790337 0.992219
33.800335 0.992281
33.810333 0.992343
33.820332 0.992405
33.830330 0.992466
33.840328 0.992528
33.850327 0.992589
33.860325 0.992649
33.870323 0.992709
33.880322 0.992770
33.890320 0.992829
33.900318 0.992889
33.910316 0.992948
33.920315 0.993007
33.930313 0.993066
33.940311 0.993124
33.950310 0.993182
33.960308 0.993240
33.970306 0.993297
33.980305 0.993354
33.990303 0.993411
34.000301 0.993468
34.010300 0.993525
34.020298 0.993581
34.030296 0.993637
34.040295 0.993692
34.050293 0.993747
34.060291 0.993802
34.070290 0.993857
34.080288 0.993912
34.090286 0.993966
34.100285 0.994020
34.110283 0.994074
34.120281 0.994127
34.130280 0.994180
34.140278 0.994233
34.150276 0.994285
34.160275 0.994338
34.170273 0.994390
34.180271 0.994442
34.190269 0.994493
34.200268 0.994544
34.210266 0.994595
34.220264 0.994646
34.230263 0.994696
34.240261 0.994746
34.250259 0.994796
34.260258 0.994846
34.270256 0.994895
34.280254 0.994944
34.290253 0.994993
34.300251 0.995042
34.310249 0.995090
34.320248 0.995138
34.330246 0.995186
34.340244 0.995233
34.350243 0.995281
34.360241 0.995328
34.370239 0.995374
34.380238 0.995421
34.390236 0.995467
34.400234 0.995513
34.410233 0.995559
34.420231 0.995604
34.430229 0.995649
34.440228 0.995694
34.450226 0.995739
34.460224 0.995783
34.470222 0.995827
34.480221 0.995871
34.490219 0.995915
34.500217 0.995958
34.510216 0.996001
34.520214 0.996044
34.530212 0.996087
34.540211 0.996129
34.550209 0.996171
34.560207 0.996213
34.570206 0.996254
34.580204 0.996296
34.590202 0.996337
34.600201 0.996378
34.610199 0.996418
34.620197 0.996459
34.630196 0.996499
34.640194 0.996538
34.650192 0.996578
34.660191 0.996617
34.670189 0.996656
34.680187 0.996695
34.690186 0.996734
34.700184 0.996772
34.710182 0.996810
34.720181 0.996848
34.730179 0.996886
34.740177 0.996923
34.750175 0.996960
34.760174 0.996997
34.770172 0.997033
34.780170 0.997070
34.790169 0.997106
34.800167 0.997142
34.810165 0.997177
34.820164 0.997213
34.830162 0.997248
34.840160 0.997283
34.850159 0.997317
34.860157 0.997352
34.870155 0.997386
34.880154 0.997420
34.890152 0.997454
34.900150 0.997487
34.910149 0.997520
34.920147 0.997553
34.930145 0.997586
34.940144 0.997618
34.950142 0.997651
34.960140 0.997683
34.970139 0.997714
34.980137 0.997746
34.990135 0.997777
35.000134 0.997808
35.010132 0.997839
35.020130 0.997870
35.030128 0.997900
35.040127 0.997930
35.050125 0.997960
35.060123 0.997990
35.070122 0.998019
35.080120 0.998048
35.090118 0.998077
35.100117 0.998106
35.110115 0.998134
35.120113 0.998163
35.130112 0.998191
35.140110 0.998219
35.150108 0.998246
35.160107 0.998273
35.170105 0.998301
35.180103 0.998327
35.190102 0.998354
35.200100 0.998380
35.210098 0.998407
35.220097 0.998433
35.230095 0.998458
35.240093 0.998484
35.250092 0.998509
35.260090 0.998534
35.270088 0.998559
35.280087 0.998584
35.290085 0.998608
35.300083 0.998632
35.310081 0.998656
35.320080 0.998680
35.330078 0.998703
35.340076 0.998726
35.350075 0.998750
35.360073 0.998772
35.370071 0.998795
35.380070 0.998817
35.390068 0.998839
35.400066 0.998861
35.410065 0.998883
35.420063 0.998905
35.430061 0.998926
35.440060 0.998947
35.450058 0.998968
35.460056 0.998988
35.470055 0.999009
35.480053 0.999029
35.490051 0.999049
35.500050 0.999068
35.510048 0.999088
35.520046 0.999107
35.530045 0.999126
35.540043 0.999145
35.550041 0.999164
35.560040 0.999182
35.570038 0.999200
35.580036 0.999218
35.590034 0.999236
35.600033 0.999254
35.610031 0.999271
35.620029 0.999288
35.630028 0.999305
35.640026 0.999322
35.650024 0.999338
35.660023 0.999355
35.670021 0.999371
35.680019 0.999387
35.690018 0.999402
35.700016 0.999418
35.710014 0.999433
35.720013 0.999448
35.730011 0.999463
35.740009 0.999477
35.750008 0.999492
35.760006 0.999506
35.770004 0.999520
35.780003 0.999534
35.790001 0.999547
35.799999 0.999561
35.809998 0.999574
35.819996 0.999587
35.829994 0.999599
35.839993 0.999612
35.849991 0.999624
35.859989 0.999636
35.869987 0.999648
35.879986 0.999660
35.889984 0.999672
35.899982 0.999683
35.909981 0.999694
35.919979 0.999705
35.929977 0.999716
35.939976 0.999726
35.949974 0.999736
35.959972 0.999746
35.969971 0.999756
35.979969 0.999766
35.989967 0.999775
35.999966 0.999785
36.009964 0.999794
36.019962 0.999803
36.029961 0.999811
36.039959 0.999820
36.049957 0.999828
36.059956 0.999836
36.069954 0.999844
36.079952 0.999852
36.089951 0.999859
36.099949 0.999866
36.109947 0.999873
36.119946 0.999880
36.129944 0.999887
36.139942 0.999894
36.149940 0.999900
36.159939 0.999906
36.169937 0.999912
36.179935 0.999918
36.189934 0.999923
36.199932 0.999928
36.209930 0.999934
36.219929 0.999938
36.229927 0.999943
36.239925 0.999948
36.249924 0.999952
36.259922 0.999956
36.269920 0.999960
36.279919 0.999964
36.289917 0.999968
36.299915 0.999971
36.309914 0.999974
36.319912 0.999977
36.329910 0.999980
36.339909 0.999983
36.349907 0.999985
36.359905 0.999987
36.369904 0.999990
36.379902 0.999991
36.389900 0.999993
36.399899 0.999995
36.409897 0.999996
36.419895 0.999997
36.429893 0.999998
36.439892 0.999999
36.449890 0.999999
36.459888 1.000000
36.469887 1.000000
36.479885 1.000000
36.489883 1.000000
36.499882 0.999999
36.509880 0.999999
36.519878 0.999998
36.529877 0.999997
36.539875 0.999996
36.549873 0.999995
36.559872 0.999993
36.569870 0.999992
36.579868 0.999990
36.589867 0.999988
36.599865 0.999986
36.609863 0.999983
36.619862 0.999981
36.629860 0.999978
36.639858 0.999975
36.649857 0.999972
36.659855 0.999969
36.669853 0.999965
36.679852 0.999962
36.689850 0.999958
36.699848 0.999954
36.709846 0.999950
36.719845 0.999945
36.729843 0.999941
36.739841 0.999936
36.749840 0.999931
36.759838 0.999926
36.769836 0.999921
36.779835 0.999916
36.789833 0.999910
36.799831 0.999904
36.809830 0.999898
36.819828 0.999892
36.829826 0.999886
36.839825 0.999879
36.849823 0.999873
36.859821 0.999866
36.869820 0.999859
36.879818 0.999852
36.889816 0.999844
36.899815 0.999837
36.909813 0.999829
36.919811 0.999821
36.929810 0.999813
36.939808 0.999805
36.949806 0.999797
36.959805 0.999788
36.969803 0.999780
36.979801 0.999771
36.989799 0.999762
36.999798 0.999752
37.009796 0.999743
37.019794 0.999733
37.029793 0.999724
37.039791 0.999714
37.049789 0.999704
37.059788 0.999694
37.069786 0.999683
37.079784 0.999672
37.089783 0.999662
37.099781 0.999651
37.109779 0.999640
37.119778 0.999628
37.129776 0.999617
37.139774 0.999606
37.149773 0.999594
37.159771 0.999582
37.169769 0.999570
37.179768 0.999558
37.189766 0.999545
37.199764 0.999533
37.209763 0.999520
37.219761 0.999507
37.229759 0.999494
37.239758 0.999481
37.249756 0.999467
37.259754 0.999454
37.269753 0.999440
37.279751 0.999426
37.289749 0.999412
37.299747 0.999398
37.309746 0.999383
37.319744 0.999369
37.329742 0.999354
37.339741 0.999339
37.349739 0.999324
37.359737 0.999309
37.369736 0.999294
37.379734 0.999278
37.389732 0.999263
37.399731 0.999247
37.409729 0.999231
37.419727 0.999215
37.429726 0.999198
37.439724 0.999182
37.449722 0.999165
37.459721 0.999149
37.469719 0.999132
37.479717 0.999115
37.489716 0.999097
37.499714 0.999080
37.509712 0.999062
37.519711 0.999045
37.529709 0.999027
37.539707 0.999009
37.549706 0.998991
37.559704 0.998972
37.569702 0.998954
37.579700 0.998935
37.589699 0.998917
37.599697 0.998898
37.609695 0.998878
37.619694 0.998859
37.629692 0.998840
37.639690 0.998820
37.649689 0.998801
37.659687 0.998781
37.669685 0.998761
37.679684 0.998740
37.689682 0.998720
37.699680 0.998700
37.709679 0.998679
37.719677 0.998658
37.729675 0.998637
37.739674 0.998616
37.749672 0.998595
37.759670 0.998574
37.769669 0.998552
37.779667 0.998531
37.789665 0.998509
37.799664 0.998487
37.809662 0.998465
37.819660 0.998442
37.829659 0.998420
37.839657 0.998397
37.849655 0.998375
37.859653 0.998352
37.869652 0.998329
37.879650 0.998306
37.889648 0.998282
37.899647 0.998259
37.909645 0.998235
37.919643 0.998211
37.929642 0.998188
37.939640 0.998164
37.949638 0.998139
37.959637 0.998115
37.969635 0.998091
37.979633 0.998066
37.989632 0.998041
37.999630 0.998016
38.009628 0.997991
38.019627 0.997966
38.029625 0.997941
38.039623 0.997915
38.049622 0.997890
38.059620 0.997864
38.069618 0.997838
38.079617 0.997812
38.089615 0.997786
38.099613 0.997759
38.109612 0.997733
38.119610 0.997706
38.129608 0.997680
38.139606 0.997653
38.149605 0.997626
38.159603 0.997598
38.169601 0.997571
38.179600 0.997544
38.189598 0.997516
38.199596 0.997488
38.209595 0.997460
38.219593 0.997432
38.229591 0.997404
38.239590 0.997376
38.249588 0.997348
38.259586 0.997319
38.269585 0.997290
38.279583 0.997261
38.289581 0.997232
38.299580 0.997203
38.309578 0.997174
38.319576 0.997145
38.329575 0.997115
38.339573 0.997085
38.349571 0.997056
38.359570 0.997026
38.369568 0.996996
38.379566 0.996965
38.389565 0.996935
38.399563 0.996905
38.409561 0.996874
38.419559 0.996843
38.429558 0.996812
38.439556 0.996781
38.449554 0.996750
38.459553 0.996719
38.469551 0.996688
38.479549 0.996656
38.489548 0.996624
38.499546 0.996592
38.509544 0.996561
38.519543 0.996528
38.529541 0.996496
38.539539 0.996464
38.549538 0.996431
38.559536 0.996399
38.569534 0.996366
38.579533 0.996333
38.589531 0.996300
38.599529 0.996267
38.609528 0.996234
38.619526 0.996200
38.629524 0.996167
38.639523 0.996133
38.649521 0.996100
38.659519 0.996066
38.669518 0.996032
38.679516 0.995997
38.689514 0.995963
38.699512 0.995929
38.709511 0.995894
38.719509 0.995860
38.729507 0.995825
38.739506 0.995790
38.749504 0.995755
38.759502 0.995720
38.769501 0.995684
38.779499 0.995649
38.789497 0.995613
38.799496 0.995578
38.809494 0.995542
38.819492 0.995506
38.829491 0.995470
38.839489 0.995434
38.849487 0.995397
38.859486 0.995361
38.869484 0.995324
38.879482 0.995288
38.889481 0.995251
38.899479 0.995214
38.909477 0.995177
38.919476 0.995140
38.929474 0.995102
38.939472 0.995065
38.949471 0.995027
38.959469 0.994990
38.969467 0.994952
38.979465 0.994914
38.989464 0.994876
38.999462 0.994838
39.009460 0.994799
39.019459 0.994761
39.029457 0.994723
39.039455 0.994684
39.049454 0.994645
39.059452 0.994606
39.069450 0.994567
39.079449 0.994528
39.089447 0.994489
39.099445 0.994449
39.109444 0.994410
39.119442 0.994370
39.129440 0.994331
39.139439 0.994291
39.149437 0.994251
39.159435 0.994211
39.169434 0.994171
39.179432 0.994130
39.189430 0.994090
39.199429 0.994049
39.209427 0.994009
39.219425 0.993968
39.229424 0.993927
39.239422 0.993886
39.249420 0.993845
39.259418 0.993804
39.269417 0.993762
39.279415 0.993721
39.289413 0.993679
39.299412 0.993637
39.309410 0.993595
39.319408 0.993554
39.329407 0.993511
39.339405 0.993469
39.349403 0.993427
39.359402 0.993385
39.369400 0.993342
39.379398 0.993299
39.389397 0.993257
39.399395 0.993214
39.409393 0.993171
39.419392 0.993128
39.429390 0.993085
39.439388 0.993041
39.449387 0.992998
39.459385 0.992954
39.469383 0.992911
39.479382 0.992867
39.489380 0.992823
39.499378 0.992779
39.509377 0.992735
39.519375 0.992691
39.529373 0.992646
39.539371 0.992602
39.549370 0.992557
39.559368 0.992513
39.569366 0.992468
39.579365 0.992423
39.589363 0.992378
39.599361 0.992333
39.609360 0.992288
39.619358 0.992242
39.629356 0.992197
39.639355 0.992151
39.649353 0.992106
39.659351 0.992060
39.669350 0.992014
39.679348 0.991968
39.689346 0.991922
39.699345 0.991876
39.709343 0.991830
39.719341 0.991783
39.729340 0.991737
39.739338 0.991690
39.749336 0.991643
39.759335 0.991597
39.769333 0.991550
39.779331 0.991503
39.789330 0.991456
39.799328 0.991408
39.809326 0.991361
39.819324 0.991313
39.829323 0.991266
39.839321 0.991218
39.849319 0.991170
39.859318 0.991123
39.869316 0.991075
39.879314 0.991026
39.889313 0.990978
39.899311 0.990930
39.909309 0.990882
39.919308 0.990833
39.929306 0.990784
39.939304 0.990736
39.949303 0.990687
39.959301 0.990638
39.969299 0.990589
39.979298 0.990540
39.989296 0.990491
39.999294 0.990441
40.009293 0.990392
40.019291 0.990342
40.029289 0.990293
40.039288 0.990243
40.049286 0.990193
40.059284 0.990143
40.069283 0.990093
40.079281 0.990043
40.089279 0.989993
40.099277 0.989942
40.109276 0.989892
40.119274 0.989841
40.129272 0.989791
40.139271 0.989740
40.149269 0.989689
40.159267 0.989638
40.169266 0.989587
40.179264 0.989536
40.189262 0.989485
40.199261 0.989433
40.209259 0.989382
40.219257 0.989330
40.229256 0.989279
40.239254 0.989227
40.249252 0.989175
40.259251 0.989123
40.269249 0.989071
40.279247 0.989019
40.289246 0.988967
40.299244 0.988914
40.309242 0.988862
40.319241 0.988809
40.329239 0.988757
40.339237 0.988704
40.349236 0.988651
40.359234 0.988598
40.369232 0.988545
40.379230 0.988492
40.389229 0.988439
40.399227 0.988386
40.409225 0.988332
40.419224 0.988279
40.429222 0.988225
40.439220 0.988172
40.449219 0.988118
40.459217 0.988064
40.469215 0.988010
40.479214 0.987956
40.489212 0.987902
40.499210 0.987848
40.509209 0.987793
40.519207 0.987739
40.529205 0.987684
40.539204 0.987630
40.549202 0.987575
40.559200 0.987520
40.569199 0.987465
40.579197 0.987410
40.589195 0.987355
40.599194 0.987300
40.609192 0.987245
40.619190 0.987190
40.629189 0.987134
40.639187 0.987079
40.649185 0.987023
40.659184 0.986967
40.669182 0.986911
40.679180 0.986855
40.689178 0.986799
40.699177 0.986743
40.709175 0.986687
40.719173 0.986631
40.729172 0.986575
40.739170 0.986518
40.749168 0.986462
40.759167 0.986405
40.769165 0.986348
40.779163 0.986292
40.789162 0.986235
40.799160 0.986178
40.809158 0.986121
40.819157 0.986063
40.829155 0.986006
40.839153 0.985949
40.849152 0.985891
40.859150 0.985834
40.869148 0.985776
40.879147 0.985719
40.889145 0.985661
40.899143 0.985603
40.909142 0.985545
40.919140 0.985487
40.929138 0.985429
40.939137 0.985371
40.949135 0.985312
40.959133 0.985254
40.969131 0.985196
40.979130 0.985137
40.989128 0.985078
40.999126 0.985020
41.009125 0.984961
41.019123 0.984902
41.029121 0.984843
41.039120 0.984784
41.049118 0.984725
41.059116 0.984665
41.069115 0.984606
41.079113 0.984547
41.089111 0.984487
41.099110 0.984428
41.109108 0.984368
41.119106 0.984308
41.129105 0.984248
41.139103 0.984189
41.149101 0.984129
41.159100 0.984068
41.169098 0.984008
41.179096 0.983948
41.189095 0.983888
41.199093 0.983827
41.209091 0.983767
41.219090 0.983706
41.229088 0.983646
41.239086 0.983585
41.249084 0.983524
