0.000000 0.041630
0.010000 0.454492
0.020000 0.834817
0.030000 0.335986
0.040000 0.565489
0.050000 0.001767
0.060000 0.187590
0.070000 0.990434
0.080000 0.750497
0.090000 0.366274
0.100000 0.351209
0.110000 0.573345
0.120000 0.132554
0.130000 0.064166
0.140000 0.950854
0.150000 0.153560
0.160000 0.584649
0.170000 0.216588
0.180000 0.806502
0.190000 0.140473
0.200000 0.622059
0.210000 0.210893
0.220000 0.006578
0.230000 0.573299
0.240000 0.932664
0.250000 0.340327
0.260000 0.891081
0.270000 0.593873
0.280000 0.392896
0.290000 0.899323
0.300000 0.694994
0.310000 0.228603
0.320000 0.962459
0.330000 0.012054
0.340000 0.110957
0.350000 0.884097
0.360000 0.116756
0.370000 0.750923
0.380000 0.296934
0.390000 0.646692
0.400000 0.426580
0.410000 0.500941
0.420000 0.314577
0.430000 0.436784
0.440000 0.660036
0.450000 0.702546
0.460000 0.774809
0.470000 0.813267
0.480000 0.319815
0.490000 0.982327
0.500000 0.679633
0.510000 0.150975
0.520000 0.876027
0.530000 0.696759
0.540000 0.377366
0.550000 0.564835
0.560000 0.474992
0.570000 0.272491
0.580000 0.939328
0.590000 0.259061
0.600000 0.540184
0.610000 0.647780
0.620000 0.569775
0.630000 0.509565
0.640000 0.203298
0.650000 0.088576
0.660000 0.280868
0.670000 0.704665
0.680000 0.759929
0.690000 0.670620
0.700000 0.607099
0.710000 0.375620
0.720000 0.512247
0.730000 0.552193
0.740000 0.658511
0.750000 0.937884
0.760000 0.195334
0.770000 0.593232
0.780000 0.081842
0.790000 0.569725
0.800000 0.267400
0.810000 0.953097
0.820000 0.229342
0.830000 0.801760
0.839999 0.338136
0.849999 0.584941
0.859999 0.945250
0.869999 0.643744
0.879999 0.903235
0.889999 0.368426
0.899999 0.242004
0.909999 0.489496
0.919999 0.913949
0.929999 0.329182
0.939999 0.827234
0.949999 0.313347
0.959999 0.934031
0.969999 0.593341
0.979999 0.986934
0.989999 0.388857
0.999999 0.196136
1.009999 0.544511
1.019999 0.961193
1.029999 0.650371
1.039999 0.567419
1.049999 0.980514
1.059999 0.351224
1.069999 0.998363
1.079999 0.649732
1.089999 0.815114
1.099999 0.657765
1.109999 0.079293
1.119999 0.181251
1.129999 0.208749
1.139999 0.112047
1.149999 0.999277
1.159999 0.859893
1.169999 0.630505
1.179999 0.065443
1.189999 0.848230
1.199999 0.288697
1.209999 0.705141
1.219999 0.349674
1.229999 0.998072
1.239999 0.141760
1.249999 0.253816
1.259999 0.906179
1.269999 0.716219
1.279999 0.886978
1.289999 0.430523
1.299999 0.264393
1.309999 0.415976
1.319999 0.577264
1.329999 0.539081
1.339999 0.980596
1.349999 0.701042
1.359999 0.761917
1.369999 0.004534
1.379999 0.241247
1.389999 0.495344
1.399999 0.479247
1.409999 0.100126
1.419999 0.500060
1.429999 0.865633
1.439999 0.403486
1.449999 0.694523
1.459999 0.222310
1.469999 0.417029
1.479999 0.444447
1.489999 0.297170
1.499999 0.721849
1.509999 0.286201
1.519999 0.676791
1.529999 0.621591
1.539999 0.318297
1.549999 0.078591
1.559999 0.224244
1.569999 0.351946
1.579999 0.938848
1.589999 0.541415
1.599999 0.288444
1.609999 0.647412
1.619999 0.119610
1.629999 0.170094
1.639999 0.615735
1.649999 0.528146
1.659999 0.606628
1.669999 0.289605
1.679999 0.390017
1.689999 0.797101
1.699999 0.351526
1.709999 0.802401
1.719999 0.455532
1.729999 0.721218
1.739999 0.278473
1.749999 0.759682
1.759999 0.368305
1.769999 0.746230
1.779999 0.359005
1.789999 0.092288
1.799999 0.584878
1.809999 0.990010
1.819999 0.062870
1.829999 0.271533
1.839999 0.986365
1.849999 0.854204
1.859999 0.403712
1.869999 0.789385
1.879999 0.347003
1.889999 0.532489
1.899999 0.518156
1.909999 0.222922
1.919999 0.559801
1.929999 0.461545
1.939999 0.909140
1.949998 0.241839
1.959998 0.776305
1.969998 0.358752
1.979998 0.255477
1.989998 0.332502
1.999998 0.779538
2.009999 0.685266
2.019999 0.599301
2.029999 0.740761
2.039999 0.143811
2.049999 0.446734
2.059999 0.033901
2.069999 0.312283
2.079998 0.125341
2.089998 0.744330
2.099998 0.942265
2.109998 0.557961
2.119998 0.934515
2.129998 0.479553
2.139998 0.800476
2.149998 0.557981
2.159998 0.553554
2.169998 0.926312
2.179998 0.431912
2.189998 0.797103
2.199998 0.649565
2.209998 0.358096
2.219998 0.953212
2.229998 0.891944
2.239998 0.288096
2.249998 0.666740
2.259998 0.019568
2.269998 0.515338
2.279998 0.049901
2.289998 0.558476
2.299998 0.086423
2.309998 0.870886
2.319998 0.095464
2.329998 0.854171
2.339998 0.441767
2.349998 0.440661
2.359998 0.587851
2.369998 0.061190
2.379998 0.615557
2.389998 0.679464
2.399998 0.382532
2.409998 0.396924
2.419998 0.281216
2.429998 0.009613
2.439998 0.809288
2.449998 0.017296
2.459998 0.972569
2.469998 0.170758
2.479998 0.820164
2.489998 0.291500
2.499998 0.345091
2.509998 0.380640
2.519998 0.451368
2.529998 0.536636
2.539998 0.513128
2.549998 0.186012
2.559998 0.966199
2.569998 0.918044
2.579998 0.348125
2.589998 0.540322
2.599998 0.809484
2.609998 0.984145
2.619998 0.883337
2.629998 0.888525
2.639998 0.538092
2.649998 0.054839
2.659998 0.947513
2.669998 0.612867
2.679998 0.701953
2.689998 0.952467
2.699998 0.356411
2.709998 0.480388
2.719998 0.568533
2.729998 0.151651
2.739998 0.892487
2.749998 0.007642
2.759998 0.022102
2.769998 0.642611
2.779998 0.568623
2.789998 0.335764
2.799998 0.666591
2.809998 0.730846
2.819998 0.423480
2.829998 0.095235
2.839998 0.434776
2.849998 0.729086
2.859998 0.159105
2.869998 0.280751
2.879998 0.002472
2.889998 0.395574
2.899998 0.084098
2.909998 0.689383
2.919998 0.247949
2.929998 0.911950
2.939998 0.049464
2.949998 0.477358
2.959998 0.435714
2.969998 0.815880
2.979998 0.793748
2.989998 0.730341
2.999998 0.869990
3.009998 0.265403
3.019998 0.486922
3.029998 0.127939
3.039998 0.414653
3.049998 0.236485
3.059998 0.369505
3.069998 0.214620
3.079998 0.549259
3.089998 0.181075
3.099998 0.518604
3.109998 0.006467
3.119998 0.889265
3.129997 0.504078
3.139997 0.682954
3.149997 0.596719
3.159997 0.285120
3.169997 0.173834
3.179997 0.264799
3.189997 0.644308
3.199997 0.499978
3.209997 0.347280
3.219997 0.291010
3.229997 0.600381
3.239997 0.898051
3.249997 0.068971
3.259997 0.215482
3.269997 0.850708
3.279997 0.731832
3.289997 0.659092
3.299997 0.689306
3.309997 0.620072
3.319997 0.251460
3.329997 0.121797
3.339997 0.787046
3.349997 0.131983
3.359997 0.556330
3.369997 0.829452
3.379997 0.302566
3.389997 0.667780
3.399997 0.528895
3.409997 0.434194
3.419997 0.545177
3.429997 0.488452
3.439997 0.322631
3.449997 0.754633
3.459997 0.948436
3.469997 0.125920
3.479997 0.287777
3.489997 0.627378
3.499997 0.824972
3.509997 0.014432
3.519997 0.305216
3.529997 0.010600
3.539997 0.789583
3.549997 0.404021
3.559997 0.734364
3.569997 0.106110
3.579997 0.960849
3.589997 0.704156
3.599997 0.366901
3.609997 0.818981
3.619997 0.723427
3.629997 0.965055
3.639997 0.294583
3.649997 0.406813
3.659997 0.976519
3.669997 0.875274
3.679997 0.654127
3.689997 0.857234
3.699997 0.749694
3.709997 0.086666
3.719997 0.091457
3.729997 0.060537
3.739997 0.379189
3.749997 0.661616
3.759997 0.105661
3.769997 0.668624
3.779997 0.103065
3.789997 0.153226
3.799997 0.382277
3.809997 0.121441
3.819997 0.652419
3.829997 0.098212
3.839997 0.826387
3.849997 0.413031
3.859997 0.841490
3.869997 0.236575
3.879997 0.357271
3.889997 0.012427
3.899997 0.148430
3.909997 0.424067
3.919997 0.054604
3.929997 0.966173
3.939997 0.140327
3.949997 0.216437
3.959997 0.956421
3.969997 0.621797
3.979997 0.343434
3.989997 0.362021
3.999997 0.534273
4.009997 0.922699
4.019997 0.758278
4.029997 0.715935
4.039998 0.522208
4.049998 0.648276
4.059998 0.838434
4.069998 0.300023
4.079998 0.592891
4.089999 0.887711
4.099999 0.013158
4.109999 0.683301
4.119999 0.173443
4.130000 0.036484
4.140000 0.063180
4.150000 0.494469
4.160000 0.121197
4.170001 0.551605
4.180001 0.133877
4.190001 0.537765
4.200001 0.758988
4.210001 0.970882
4.220002 0.372397
4.230002 0.643769
4.240002 0.952660
4.250002 0.434743
4.260003 0.039546
4.270003 0.415808
4.280003 0.130037
4.290003 0.303495
4.300004 0.111091
4.310004 0.439108
4.320004 0.848720
4.330004 0.861322
4.340004 0.437488
4.350005 0.203322
4.360005 0.255766
4.370005 0.479136
4.380005 0.269699
4.390006 0.989414
4.400006 0.409995
4.410006 0.675881
4.420006 0.628947
4.430007 0.719961
4.440007 0.399558
4.450007 0.991632
4.460007 0.550035
4.470007 0.338810
4.480008 0.754184
4.490008 0.451261
4.500008 0.564674
4.510008 0.633801
4.520009 0.171615
4.530009 0.155487
4.540009 0.019425
4.550009 0.647397
4.560009 0.728163
4.570010 0.453447
4.580010 0.502075
4.590010 0.427653
4.600010 0.778675
4.610011 0.509681
4.620011 0.043130
4.630011 0.989977
4.640011 0.754745
4.650012 0.426522
4.660012 0.081475
4.670012 0.012749
4.680012 0.202673
4.690012 0.483743
4.700013 0.854098
4.710013 0.142376
4.720013 0.153889
4.730013 0.340129
4.740014 0.761098
4.750014 0.391205
4.760014 0.357572
4.770014 0.051002
4.780015 0.944275
4.790015 0.171328
4.800015 0.923583
4.810015 0.602143
4.820015 0.328688
4.830016 0.105576
4.840016 0.497222
4.850016 0.969861
4.860016 0.443153
4.870017 0.121384
4.880017 0.517449
4.890017 0.880859
4.900017 0.642268
4.910017 0.081968
4.920018 0.276982
4.930018 0.871187
4.940018 0.786943
4.950018 0.601154
4.960019 0.114076
4.970019 0.603896
4.980019 0.843354
4.990019 0.872603
5.000020 0.907991
5.010020 0.888386
5.020020 0.275675
5.030020 0.611167
5.040020 0.237368
5.050021 0.405057
5.060021 0.033013
5.070021 0.234399
5.080021 0.785328
5.090022 0.746440
5.100022 0.565756
5.110022 0.526971
5.120022 0.357714
5.130023 0.275781
5.140023 0.804469
5.150023 0.442016
5.160023 0.819960
5.170023 0.227191
5.180024 0.751941
5.190024 0.753616
5.200024 0.280500
5.210024 0.944415
5.220025 0.085532
5.230025 0.727014
5.240025 0.459254
5.250025 0.710344
5.260026 0.455374
5.270026 0.201450
5.280026 0.711545
5.290026 0.054374
5.300026 0.459962
5.310027 0.759165
5.320027 0.041939
5.330027 0.053180
5.340027 0.253298
5.350028 0.398190
5.360028 0.378270
5.370028 0.041361
5.380028 0.508912
5.390028 0.141622
5.400029 0.700831
5.410029 0.416660
5.420029 0.861238
5.430029 0.748558
5.440030 0.480911
5.450030 0.220198
5.460030 0.741966
5.470030 0.478588
5.480031 0.500216
5.490031 0.771601
5.500031 0.709897
5.510031 0.180239
5.520031 0.049870
5.530032 0.483365
5.540032 0.371805
5.550032 0.692249
5.560032 0.874714
5.570033 0.725824
5.580033 0.946691
5.590033 0.173797
5.600033 0.993287
5.610034 0.186260
5.620034 0.527407
5.630034 0.915192
5.640034 0.722549
5.650034 0.001640
5.660035 0.435831
5.670035 0.964136
5.680035 0.233173
5.690035 0.248245
5.700036 0.497698
5.710036 0.465164
5.720036 0.698540
5.730036 0.362794
5.740036 0.031003
5.750037 0.522453
5.760037 0.348974
5.770037 0.233913
5.780037 0.250960
5.790038 0.120964
5.800038 0.350781
5.810038 0.040930
5.820038 0.251192
5.830039 0.780122
5.840039 0.574157
5.850039 0.195627
5.860039 0.784803
5.870039 0.161398
5.880040 0.749828
5.890040 0.743897
5.900040 0.502849
5.910040 0.439762
5.920041 0.824452
5.930041 0.356201
5.940041 0.827384
5.950041 0.403661
5.960042 0.170364
5.970042 0.141659
5.980042 0.160588
5.990042 0.633771
6.000042 0.675624
6.010043 0.289721
6.020043 0.032598
6.030043 0.783180
6.040043 0.202697
6.050044 0.320348
6.060044 0.143750
6.070044 0.636899
6.080044 0.854156
6.090044 0.118849
6.100045 0.090280
6.110045 0.853838
6.120045 0.395068
6.130045 0.070908
6.140046 0.107652
6.150046 0.816978
6.160046 0.855987
6.170046 0.388552
6.180047 0.107058
6.190047 0.955687
6.200047 0.157641
6.210047 0.036081
6.220047 0.006025
6.230048 0.016698
6.240048 0.766464
6.250048 0.699042
6.260048 0.204291
6.270049 0.696666
6.280049 0.195163
6.290049 0.677890
6.300049 0.575066
6.310050 0.599386
6.320050 0.218903
6.330050 0.884832
6.340050 0.526593
6.350050 0.825506
6.360051 0.177683
6.370051 0.747558
6.380051 0.239776
6.390051 0.463003
6.400052 0.699683
6.410052 0.512157
6.420052 0.757797
6.430052 0.534905
6.440053 0.707348
6.450053 0.440744
6.460053 0.049637
6.470053 0.429141
6.480053 0.084549
6.490054 0.733594
6.500054 0.800739
6.510054 0.727238
6.520054 0.894155
6.530055 0.703211
6.540055 0.513440
6.550055 0.547564
6.560055 0.373801
6.570055 0.086604
6.580056 0.493106
6.590056 0.799472
6.600056 0.014713
6.610056 0.215535
6.620057 0.621961
6.630057 0.021903
6.640057 0.083307
6.650057 0.651774
6.660058 0.103623
6.670058 0.059622
6.680058 0.795408
6.690058 0.430163
6.700058 0.922440
6.710059 0.658380
6.720059 0.643801
6.730059 0.096932
6.740059 0.881204
6.750060 0.973989
6.760060 0.835020
6.770060 0.660122
6.780060 0.240194
6.790061 0.966998
6.800061 0.462646
6.810061 0.524881
6.820061 0.114243
6.830061 0.062610
6.840062 0.561728
6.850062 0.625907
6.860062 0.530463
6.870062 0.303396
6.880063 0.010308
6.890063 0.715355
6.900063 0.998063
6.910063 0.409725
6.920063 0.905562
6.930064 0.055547
6.940064 0.387468
6.950064 0.729635
6.960064 0.407980
6.970065 0.305918
6.980065 0.105578
6.990065 0.436779
7.000065 0.559730
7.010066 0.902572
7.020066 0.937902
7.030066 0.593456
7.040066 0.513356
7.050066 0.691852
7.060067 0.409573
7.070067 0.797337
7.080067 0.302919
7.090067 0.497600
7.100068 0.202493
7.110068 0.178079
7.120068 0.428286
7.130068 0.941703
7.140069 0.614579
7.150069 0.996504
7.160069 0.359518
7.170069 0.481452
7.180069 0.521990
7.190070 0.158433
7.200070 0.685049
7.210070 0.823000
7.220070 0.022097
7.230071 0.611819
7.240071 0.185852
7.250071 0.681226
7.260071 0.312854
7.270072 0.014703
7.280072 0.107261
7.290072 0.111754
7.300072 0.275062
7.310072 0.798281
7.320073 0.387905
7.330073 0.185447
7.340073 0.243150
7.350073 0.000419
7.360074 0.486908
7.370074 0.719706
7.380074 0.105699
7.390074 0.097059
7.400074 0.699647
7.410075 0.750413
7.420075 0.900553
7.430075 0.739803
7.440075 0.770799
7.450076 0.814895
7.460076 0.645527
7.470076 0.435622
7.480076 0.080943
7.490077 0.327071
7.500077 0.162111
7.510077 0.037906
7.520077 0.407678
7.530077 0.033965
7.540078 0.947075
7.550078 0.606418
7.560078 0.030173
7.570078 0.936235
7.580079 0.769323
7.590079 0.027110
7.600079 0.871571
7.610079 0.088725
7.620080 0.113952
7.630080 0.441918
7.640080 0.149075
7.650080 0.339688
7.660080 0.062301
7.670081 0.344839
7.680081 0.147372
7.690081 0.554842
7.700081 0.839214
7.710082 0.365730
7.720082 0.845940
7.730082 0.955690
7.740082 0.433236
7.750082 0.639877
7.760083 0.141489
7.770083 0.397133
7.780083 0.211578
7.790083 0.992679
7.800084 0.818180
7.810084 0.249624
7.820084 0.822057
7.830084 0.338475
7.840085 0.563350
7.850085 0.833793
7.860085 0.364812
7.870085 0.975135
7.880085 0.616442
7.890086 0.394009
7.900086 0.496153
7.910086 0.266470
7.920086 0.812832
7.930087 0.470978
7.940087 0.917724
7.950087 0.348560
7.960087 0.159777
7.970088 0.336824
7.980088 0.431191
7.990088 0.419928
8.000088 0.804191
8.010088 0.249514
8.020088 0.180496
8.030088 0.216147
8.040089 0.545061
8.050089 0.543067
8.060089 0.841530
8.070089 0.904356
8.080090 0.458819
8.090090 0.637134
8.100090 0.787660
8.110090 0.730576
8.120090 0.873699
8.130091 0.581696
8.140091 0.796423
8.150091 0.821327
8.160091 0.807162
8.170092 0.672451
8.180092 0.758857
8.190092 0.980367
8.200092 0.104816
8.210093 0.418580
8.220093 0.402122
8.230093 0.671396
8.240093 0.254410
8.250093 0.921015
8.260094 0.985570
8.270094 0.568911
8.280094 0.136490
8.290094 0.745811
8.300095 0.730239
8.310095 0.663473
8.320095 0.585044
8.330095 0.139139
8.340096 0.795351
8.350096 0.386243
8.360096 0.415235
8.370096 0.928716
8.380096 0.529114
8.390097 0.173357
8.400097 0.708116
8.410097 0.457765
8.420097 0.554639
8.430098 0.316730
8.440098 0.378821
8.450098 0.184104
8.460098 0.767678
8.470098 0.477928
8.480099 0.978121
8.490099 0.196531
8.500099 0.237076
8.510099 0.400288
8.520100 0.948637
8.530100 0.416804
8.540100 0.230208
8.550100 0.806538
8.560101 0.165596
8.570101 0.997256
8.580101 0.506291
8.590101 0.270406
8.600101 0.105209
8.610102 0.736239
8.620102 0.705599
8.630102 0.697412
8.640102 0.797081
8.650103 0.826454
8.660103 0.140478
8.670103 0.529157
8.680103 0.304101
8.690104 0.050774
8.700104 0.796199
8.710104 0.624428
8.720104 0.635825
8.730104 0.538053
8.740105 0.560609
8.750105 0.087552
8.760105 0.119307
8.770105 0.294799
8.780106 0.008953
8.790106 0.868436
8.800106 0.532648
8.810106 0.110371
8.820107 0.814999
8.830107 0.398996
8.840107 0.037403
8.850107 0.781996
8.860107 0.585573
8.870108 0.647288
8.880108 0.740617
8.890108 0.375502
8.900108 0.619974
8.910109 0.944281
8.920109 0.768058
8.930109 0.897939
8.940109 0.478588
8.950109 0.590073
8.960110 0.057691
8.970110 0.044588
8.980110 0.959714
8.990110 0.288459
9.000111 0.785205
9.010111 0.846179
9.020111 0.986653
9.030111 0.743578
9.040112 0.838277
9.050112 0.099103
9.060112 0.307951
9.070112 0.523092
9.080112 0.067988
9.090113 0.444184
9.100113 0.825117
9.110113 0.432763
9.120113 0.997613
9.130114 0.166073
9.140114 0.749966
9.150114 0.931815
9.160114 0.171778
9.170115 0.028969
9.180115 0.826832
9.190115 0.462127
9.200115 0.622174
9.210115 0.324309
9.220116 0.155448
9.230116 0.272787
9.240116 0.826924
9.250116 0.377001
9.260117 0.043395
9.270117 0.341071
9.280117 0.694800
9.290117 0.899035
9.300117 0.081063
9.310118 0.158531
9.320118 0.236527
9.330118 0.168918
9.340118 0.748413
9.350119 0.443954
9.360119 0.745001
9.370119 0.193928
9.380119 0.266188
9.390120 0.631832
9.400120 0.124413
9.410120 0.936830
9.420120 0.732119
9.430120 0.274298
9.440121 0.942896
9.450121 0.782428
9.460121 0.426036
9.470121 0.185758
9.480122 0.370627
9.490122 0.620479
9.500122 0.320600
9.510122 0.292643
9.520123 0.269519
9.530123 0.934266
9.540123 0.543523
9.550123 0.156562
9.560123 0.764128
9.570124 0.828199
9.580124 0.753081
9.590124 0.088851
9.600124 0.916705
9.610125 0.988530
9.620125 0.014507
9.630125 0.630107
9.640125 0.001023
9.650126 0.649670
9.660126 0.907165
9.670126 0.032186
9.680126 0.996558
9.690126 0.001178
9.700127 0.810613
9.710127 0.745639
9.720127 0.561539
9.730127 0.399608
9.740128 0.874630
9.750128 0.916284
9.760128 0.973485
9.770128 0.792754
9.780128 0.289695
9.790129 0.555141
9.800129 0.510087
9.810129 0.985081
9.820129 0.559317
9.830130 0.531193
9.840130 0.971054
9.850130 0.601180
9.860130 0.406014
9.870131 0.402167
9.880131 0.580130
9.890131 0.683818
9.900131 0.293843
9.910131 0.540903
9.920132 0.251430
9.930132 0.904844
9.940132 0.850590
9.950132 0.120967
9.960133 0.129220
9.970133 0.996867
9.980133 0.453318
9.990133 0.522379
10.000134 0.716914
10.010134 0.622778
10.020134 0.086696
10.030134 0.224876
10.040134 0.679447
10.050135 0.896213
10.060135 0.181954
10.070135 0.530858
10.080135 0.241104
10.090136 0.821630
10.100136 0.336329
10.110136 0.652359
10.120136 0.794664
10.130136 0.226388
10.140137 0.642361
10.150137 0.096231
10.160137 0.001471
10.170137 0.263169
10.180138 0.320533
10.190138 0.569770
10.200138 0.988256
10.210138 0.238889
10.220139 0.647575
10.230139 0.126616
10.240139 0.755625
10.250139 0.611467
10.260139 0.959795
10.270140 0.191789
10.280140 0.203825
10.290140 0.239156
10.300140 0.142255
10.310141 0.797766
10.320141 0.180338
10.330141 0.885472
10.340141 0.300278
10.350142 0.573663
10.360142 0.166089
10.370142 0.108113
10.380142 0.762223
10.390142 0.140732
10.400143 0.975370
10.410143 0.790547
10.420143 0.647492
10.430143 0.853810
10.440144 0.560366
10.450144 0.023734
10.460144 0.620437
10.470144 0.705283
10.480145 0.423413
10.490145 0.891653
10.500145 0.261079
10.510145 0.480988
10.520145 0.566466
10.530146 0.052835
10.540146 0.542704
10.550146 0.372805
10.560146 0.492985
10.570147 0.201213
10.580147 0.992696
10.590147 0.547154
10.600147 0.746375
10.610147 0.409263
10.620148 0.207858
10.630148 0.120014
10.640148 0.372837
10.650148 0.646275
10.660149 0.933544
10.670149 0.465302
10.680149 0.665068
10.690149 0.081884
10.700150 0.034872
10.710150 0.293550
10.720150 0.534483
10.730150 0.052456
10.740150 0.478946
10.750151 0.880987
10.760151 0.909865
10.770151 0.224245
10.780151 0.203250
10.790152 0.745586
10.800152 0.033676
10.810152 0.736266
10.820152 0.214400
10.830153 0.886888
10.840153 0.366148
10.850153 0.167515
10.860153 0.893304
10.870153 0.001877
10.880154 0.782207
10.890154 0.532724
10.900154 0.680886
10.910154 0.321709
10.920155 0.705912
10.930155 0.169272
10.940155 0.689330
10.950155 0.486192
10.960155 0.948115
10.970156 0.101827
10.980156 0.386776
10.990156 0.177852
11.000156 0.050453
11.010157 0.042967
11.020157 0.101404
11.030157 0.708884
11.040157 0.475447
11.050158 0.655229
11.060158 0.399488
11.070158 0.916712
11.080158 0.679689
11.090158 0.626321
11.100159 0.330457
11.110159 0.242382
11.120159 0.953935
11.130159 0.823659
11.140160 0.472135
11.150160 0.796140
11.160160 0.477946
11.170160 0.641679
11.180161 0.726498
11.190161 0.252672
11.200161 0.714479
11.210161 0.245880
11.220161 0.938702
11.230162 0.151491
11.240162 0.529695
11.250162 0.877306
11.260162 0.871280
11.270163 0.333386
11.280163 0.078070
11.290163 0.601658
11.300163 0.545890
11.310163 0.939861
11.320164 0.908612
11.330164 0.775826
11.340164 0.854420
11.350164 0.397896
11.360165 0.143823
11.370165 0.234022
11.380165 0.980552
11.390165 0.756538
11.400166 0.239450
11.410166 0.454515
11.420166 0.105904
11.430166 0.424861
11.440166 0.366005
11.450167 0.210222
11.460167 0.098742
11.470167 0.963334
11.480167 0.054613
11.490168 0.901831
11.500168 0.098137
11.510168 0.923943
11.520168 0.440492
11.530169 0.656118
11.540169 0.765712
11.550169 0.530397
11.560169 0.315940
11.570169 0.595610
11.580170 0.337106
11.590170 0.090980
11.600170 0.697819
11.610170 0.465357
11.620171 0.775752
11.630171 0.686261
11.640171 0.727094
11.650171 0.070509
11.660172 0.324947
11.670172 0.755656
11.680172 0.283011
11.690172 0.032545
11.700172 0.536598
11.710173 0.495304
11.720173 0.623097
11.730173 0.025826
11.740173 0.595140
11.750174 0.389770
11.760174 0.891632
11.770174 0.488700
11.780174 0.075205
11.790174 0.037441
11.800175 0.290905
11.810175 0.409493
11.820175 0.496762
11.830175 0.640503
11.840176 0.726996
11.850176 0.027653
11.860176 0.449998
11.870176 0.951819
11.880177 0.548589
11.890177 0.540048
11.900177 0.135646
11.910177 0.080589
11.920177 0.645255
11.930178 0.303647
11.940178 0.839274
11.950178 0.724411
11.960178 0.290530
11.970179 0.735617
11.980179 0.768036
11.990179 0.126108
12.000179 0.163066
12.010180 0.553241
12.020180 0.416282
12.030180 0.248842
12.040180 0.492206
12.050180 0.107397
12.060181 0.986215
12.070181 0.362673
12.080181 0.116816
12.090181 0.048726
12.100182 0.618525
12.110182 0.870444
12.120182 0.860500
12.130182 0.144880
12.140182 0.235842
12.150183 0.842026
12.160183 0.282876
12.170183 0.725614
12.180183 0.572213
12.190184 0.335434
12.200184 0.914118
12.210184 0.471004
12.220184 0.561118
12.230185 0.263642
12.240185 0.195137
12.250185 0.343368
12.260185 0.242297
12.270185 0.810297
12.280186 0.783569
12.290186 0.677685
12.300186 0.986646
12.310186 0.339704
12.320187 0.729044
12.330187 0.336369
12.340187 0.344401
12.350187 0.410845
12.360188 0.431296
12.370188 0.465614
12.380188 0.613757
12.390188 0.056869
12.400188 0.760664
12.410189 0.591254
12.420189 0.176984
12.430189 0.486113
12.440189 0.309945
12.450190 0.406977
12.460190 0.334303
12.470190 0.994500
12.480190 0.354765
12.490191 0.747075
12.500191 0.310421
12.510191 0.239146
12.520191 0.700365
12.530191 0.525683
12.540192 0.046339
12.550192 0.336635
12.560192 0.487704
12.570192 0.256362
12.580193 0.504248
12.590193 0.134896
12.600193 0.100843
12.610193 0.546960
12.620193 0.393809
12.630194 0.723687
12.640194 0.268878
12.650194 0.367992
12.660194 0.314631
12.670195 0.944889
12.680195 0.075181
12.690195 0.106618
12.700195 0.346334
12.710196 0.629962
12.720196 0.988776
12.730196 0.396901
12.740196 0.601201
12.750196 0.208946
12.760197 0.909647
12.770197 0.430028
12.780197 0.385333
12.790197 0.524343
12.800198 0.092185
12.810198 0.130999
12.820198 0.545721
12.830198 0.356186
12.840199 0.277403
12.850199 0.991826
12.860199 0.669224
12.870199 0.674030
12.880199 0.351833
12.890200 0.992268
12.900200 0.854583
12.910200 0.720687
12.920200 0.863969
12.930201 0.449591
12.940201 0.313075
12.950201 0.085029
12.960201 0.100786
12.970201 0.616873
12.980202 0.533028
12.990202 0.211614
13.000202 0.568351
13.010202 0.708218
13.020203 0.837092
13.030203 0.738097
13.040203 0.371160
13.050203 0.848194
13.060204 0.990964
13.070204 0.453259
13.080204 0.461878
13.090204 0.316426
13.100204 0.913463
13.110205 0.975169
13.120205 0.182223
13.130205 0.747087
13.140205 0.268643
13.150206 0.797371
13.160206 0.160427
13.170206 0.522830
13.180206 0.772569
13.190207 0.618810
13.200207 0.022713
13.210207 0.115227
13.220207 0.855010
13.230207 0.728323
13.240208 0.645577
13.250208 0.226227
13.260208 0.017238
13.270208 0.166030
13.280209 0.780213
13.290209 0.200278
13.300209 0.912334
13.310209 0.831058
13.320210 0.856381
13.330210 0.743215
13.340210 0.137680
13.350210 0.187838
13.360210 0.984682
13.370211 0.705723
13.380211 0.717838
13.390211 0.672437
13.400211 0.565827
13.410212 0.786009
13.420212 0.719939
13.430212 0.887215
13.440212 0.253738
13.450212 0.963536
13.460213 0.786340
13.470213 0.658520
13.480213 0.154693
13.490213 0.294269
13.500214 0.197114
13.510214 0.620697
13.520214 0.254066
13.530214 0.144482
13.540215 0.447492
13.550215 0.173459
13.560215 0.900371
13.570215 0.797012
13.580215 0.005344
13.590216 0.072571
13.600216 0.326301
13.610216 0.678685
13.620216 0.617040
13.630217 0.080145
13.640217 0.309380
13.650217 0.794129
13.660217 0.175452
13.670218 0.685717
13.680218 0.160040
13.690218 0.638202
13.700218 0.123569
13.710218 0.968339
13.720219 0.839673
13.730219 0.241769
13.740219 0.716369
13.750219 0.899422
13.760220 0.551093
13.770220 0.693695
13.780220 0.230548
13.790220 0.373016
13.800220 0.082469
13.810221 0.601827
13.820221 0.627886
13.830221 0.722020
13.840221 0.324885
13.850222 0.398895
13.860222 0.928035
13.870222 0.553737
13.880222 0.103219
13.890223 0.072997
13.900223 0.017984
13.910223 0.175025
13.920223 0.967890
13.930223 0.979396
13.940224 0.159250
13.950224 0.325339
13.960224 0.177461
13.970224 0.559330
13.980225 0.593951
13.990225 0.185432
14.000225 0.373279
14.010225 0.506433
14.020226 0.394252
14.030226 0.860859
14.040226 0.599693
14.050226 0.651959
14.060226 0.746654
14.070227 0.574171
14.080227 0.377426
14.090227 0.321637
14.100227 0.866333
14.110228 0.349540
14.120228 0.592028
14.130228 0.400637
14.140228 0.553822
14.150229 0.891241
14.160229 0.440714
14.170229 0.845366
14.180229 0.346253
14.190229 0.885921
14.200230 0.594279
14.210230 0.933955
14.220230 0.290859
14.230230 0.981819
14.240231 0.909054
14.250231 0.449060
14.260231 0.545313
14.270231 0.990445
14.280231 0.378251
14.290232 0.050584
14.300232 0.456675
14.310232 0.332695
14.320232 0.781830
14.330233 0.901181
14.340233 0.110293
14.350233 0.717646
14.360233 0.496401
14.370234 0.748610
14.380234 0.897198
14.390234 0.444680
14.400234 0.807449
14.410234 0.006631
14.420235 0.701620
14.430235 0.394947
14.440235 0.548670
14.450235 0.286019
14.460236 0.340681
14.470236 0.704143
14.480236 0.029451
14.490236 0.451155
14.500237 0.830713
14.510237 0.653199
14.520237 0.631153
14.530237 0.772596
14.540237 0.546635
14.550238 0.485658
14.560238 0.614161
14.570238 0.535098
14.580238 0.973244
14.590239 0.559566
14.600239 0.116426
14.610239 0.481995
14.620239 0.314126
14.630239 0.507751
14.640240 0.905083
14.650240 0.434950
14.660240 0.972143
14.670240 0.343976
14.680241 0.607721
14.690241 0.042458
14.700241 0.795399
14.710241 0.785049
14.720242 0.169775
14.730242 0.866521
14.740242 0.897500
14.750242 0.422308
14.760242 0.507777
14.770243 0.415637
14.780243 0.917227
14.790243 0.872662
14.800243 0.431689
14.810244 0.540120
14.820244 0.340071
14.830244 0.162632
14.840244 0.148071
14.850245 0.105197
14.860245 0.225076
14.870245 0.482405
14.880245 0.112475
14.890245 0.596038
14.900246 0.580921
14.910246 0.115227
14.920246 0.835279
14.930246 0.350358
14.940247 0.134136
14.950247 0.965541
14.960247 0.949489
14.970247 0.287671
14.980247 0.201823
14.990248 0.232783
15.000248 0.489183
15.010248 0.154266
15.020248 0.396428
15.030249 0.602973
15.040249 0.798786
15.050249 0.540016
15.060249 0.479323
15.070250 0.944103
15.080250 0.769893
15.090250 0.873048
15.100250 0.574700
15.110250 0.121386
15.120251 0.485587
15.130251 0.652848
15.140251 0.339975
15.150251 0.812762
15.160252 0.722111
15.170252 0.748633
15.180252 0.451459
15.190252 0.362612
15.200253 0.822279
15.210253 0.340754
15.220253 0.745069
15.230253 0.911638
15.240253 0.000322
15.250254 0.206922
15.260254 0.595477
15.270254 0.573527
15.280254 0.278199
15.290255 0.506288
15.300255 0.120223
15.310255 0.974849
15.320255 0.681159
15.330256 0.962569
15.340256 0.758277
15.350256 0.355097
15.360256 0.556019
15.370256 0.627880
15.380257 0.848565
15.390257 0.850572
15.400257 0.517841
15.410257 0.972667
15.420258 0.379565
15.430258 0.911708
15.440258 0.506265
15.450258 0.410705
15.460258 0.905763
15.470259 0.771381
15.480259 0.246444
15.490259 0.063817
15.500259 0.243265
15.510260 0.875712
15.520260 0.394534
15.530260 0.396611
15.540260 0.431018
15.550261 0.483133
15.560261 0.214916
15.570261 0.620550
15.580261 0.244754
15.590261 0.647170
15.600262 0.525225
15.610262 0.558261
15.620262 0.400183
15.630262 0.329141
15.640263 0.173128
15.650263 0.067806
15.660263 0.305102
15.670263 0.885042
15.680264 0.621095
15.690264 0.513029
15.700264 0.595485
15.710264 0.973224
15.720264 0.535874
15.730265 0.006138
15.740265 0.699547
15.750265 0.513631
15.760265 0.159740
15.770266 0.883782
15.780266 0.750930
15.790266 0.563446
15.800266 0.810616
15.810266 0.765543
15.820267 0.455163
15.830267 0.366868
15.840267 0.076071
15.850267 0.506519
15.860268 0.093250
15.870268 0.787748
15.880268 0.167933
15.890268 0.832294
15.900269 0.016575
15.910269 0.383069
15.920269 0.854142
15.930269 0.638966
15.940269 0.495356
15.950270 0.453317
15.960270 0.324969
15.970270 0.072875
15.980270 0.078834
15.990271 0.084075
16.000271 0.052171
16.010271 0.059543
16.020271 0.112556
16.030272 0.933495
16.040272 0.010845
16.050272 0.930103
16.060272 0.342939
16.070272 0.925232
16.080273 0.731389
16.090273 0.962755
16.100273 0.681388
16.110273 0.069164
16.120274 0.287857
16.130274 0.798739
16.140274 0.962261
16.150274 0.986472
16.160275 0.092310
16.170275 0.854889
16.180275 0.626721
16.190275 0.885965
16.200275 0.913450
16.210276 0.601373
16.220276 0.617005
16.230276 0.389751
16.240276 0.861314
16.250277 0.233006
16.260277 0.744856
16.270277 0.794374
16.280277 0.745288
16.290277 0.180087
16.300278 0.479082
16.310278 0.774442
16.320278 0.615929
16.330278 0.690568
16.340279 0.508680
16.350279 0.776574
16.360279 0.915423
16.370279 0.495389
16.380280 0.811197
16.390280 0.139787
16.400280 0.288942
16.410280 0.234645
16.420280 0.975497
16.430281 0.432217
16.440281 0.129427
16.450281 0.781123
16.460281 0.581651
16.470282 0.372309
16.480282 0.549510
16.490282 0.022497
16.500282 0.868968
16.510283 0.654609
16.520283 0.982476
16.530283 0.742554
16.540283 0.270300
16.550283 0.816117
16.560284 0.623657
16.570284 0.429426
16.580284 0.653682
16.590284 0.139468
16.600285 0.626774
16.610285 0.604522
16.620285 0.991312
16.630285 0.315355
16.640285 0.387092
16.650286 0.345141
16.660286 0.324188
16.670286 0.890375
16.680286 0.473330
16.690287 0.317590
16.700287 0.164819
16.710287 0.260542
16.720287 0.240008
16.730288 0.862489
16.740288 0.189884
16.750288 0.378161
16.760288 0.865982
16.770288 0.512269
16.780289 0.232226
16.790289 0.304368
16.800289 0.356557
16.810289 0.070258
16.820290 0.152994
16.830290 0.035905
16.840290 0.826703
16.850290 0.854944
16.860291 0.328923
16.870291 0.577554
16.880291 0.390926
16.890291 0.490838
16.900291 0.848925
16.910292 0.326875
16.920292 0.038594
16.930292 0.303800
16.940292 0.403308
16.950293 0.431640
16.960293 0.617475
16.970293 0.813911
16.980293 0.546612
16.990294 0.709671
17.000294 0.206616
17.010294 0.389063
17.020294 0.002498
17.030294 0.963147
17.040295 0.784134
17.050295 0.968918
17.060295 0.891038
17.070295 0.442963
17.080296 0.815987
17.090296 0.049073
17.100296 0.832784
17.110296 0.832319
17.120296 0.666278
17.130297 0.251901
17.140297 0.410939
17.150297 0.321682
17.160297 0.094298
17.170298 0.742188
17.180298 0.246844
17.190298 0.179689
17.200298 0.422542
17.210299 0.176445
17.220299 0.211758
17.230299 0.117120
17.240299 0.675804
17.250299 0.524252
17.260300 0.009914
17.270300 0.765028
17.280300 0.374563
17.290300 0.953770
17.300301 0.427248
17.310301 0.705380
17.320301 0.064957
17.330301 0.532329
17.340302 0.053559
17.350302 0.805749
17.360302 0.759389
17.370302 0.023632
17.380302 0.812694
17.390303 0.611712
17.400303 0.501144
17.410303 0.847635
17.420303 0.438407
17.430304 0.375637
17.440304 0.336283
17.450304 0.855550
17.460304 0.328528
17.470304 0.972746
17.480305 0.237719
17.490305 0.024071
17.500305 0.416114
17.510305 0.639809
17.520306 0.468941
17.530306 0.318981
17.540306 0.685203
17.550306 0.724255
17.560307 0.565808
17.570307 0.663502
17.580307 0.306056
17.590307 0.648120
17.600307 0.449625
17.610308 0.281388
17.620308 0.598495
17.630308 0.159012
17.640308 0.136993
17.650309 0.294876
17.660309 0.883681
17.670309 0.886733
17.680309 0.383487
17.690310 0.734793
17.700310 0.938990
17.710310 0.867469
17.720310 0.268865
17.730310 0.471534
17.740311 0.115132
17.750311 0.296387
17.760311 0.909346
17.770311 0.674220
17.780312 0.050302
17.790312 0.473398
17.800312 0.953567
17.810312 0.439525
17.820312 0.366726
17.830313 0.005935
17.840313 0.397463
17.850313 0.155548
17.860313 0.257685
17.870314 0.507295
17.880314 0.231838
17.890314 0.949449
17.900314 0.668053
17.910315 0.600996
17.920315 0.035354
17.930315 0.445655
17.940315 0.991976
17.950315 0.222268
17.960316 0.443693
17.970316 0.785371
17.980316 0.213897
17.990316 0.350124
18.000317 0.389436
18.010317 0.944319
18.020317 0.013407
18.030317 0.150292
18.040318 0.621768
18.050318 0.366525
18.060318 0.052890
18.070318 0.444667
18.080318 0.613312
18.090319 0.605205
18.100319 0.935628
18.110319 0.721118
18.120319 0.954465
18.130320 0.341045
18.140320 0.829758
18.150320 0.973551
18.160320 0.462768
18.170321 0.912367
18.180321 0.622363
18.190321 0.321816
18.200321 0.813466
18.210321 0.435660
18.220322 0.523196
18.230322 0.050484
18.240322 0.673045
18.250322 0.079035
18.260323 0.057440
18.270323 0.761800
18.280323 0.313751
18.290323 0.951282
18.300323 0.352872
18.310324 0.238649
18.320324 0.055720
18.330324 0.027082
18.340324 0.973498
18.350325 0.226396
18.360325 0.754205
18.370325 0.201627
18.380325 0.416738
18.390326 0.176705
18.400326 0.880537
18.410326 0.878385
18.420326 0.865496
18.430326 0.451393
18.440327 0.572973
18.450327 0.880514
18.460327 0.163792
18.470327 0.099990
18.480328 0.721781
18.490328 0.143426
18.500328 0.012243
18.510328 0.031696
18.520329 0.644153
18.530329 0.813172
18.540329 0.507620
18.550329 0.772084
18.560329 0.969295
18.570330 0.527815
18.580330 0.782448
18.590330 0.489118
18.600330 0.841013
18.610331 0.797899
18.620331 0.242469
18.630331 0.194445
18.640331 0.631011
18.650331 0.294018
18.660332 0.811384
18.670332 0.967489
18.680332 0.795824
18.690332 0.276628
18.700333 0.436362
18.710333 0.345607
18.720333 0.886859
18.730333 0.413433
18.740334 0.600090
18.750334 0.197714
18.760334 0.697526
18.770334 0.386426
18.780334 0.644622
18.790335 0.116476
18.800335 0.093171
18.810335 0.323047
18.820335 0.711075
18.830336 0.681031
18.840336 0.785822
18.850336 0.538688
18.860336 0.112448
18.870337 0.554551
18.880337 0.582245
18.890337 0.961269
18.900337 0.012835
18.910337 0.875669
18.920338 0.923939
18.930338 0.048767
18.940338 0.616593
18.950338 0.507436
18.960339 0.653419
18.970339 0.899136
18.980339 0.360048
18.990339 0.540254
19.000340 0.262165
19.010340 0.495993
19.020340 0.233873
19.030340 0.764774
19.040340 0.610099
19.050341 0.805930
19.060341 0.687148
19.070341 0.286724
19.080341 0.540418
19.090342 0.432523
19.100342 0.118231
19.110342 0.837823
19.120342 0.561365
19.130342 0.192345
19.140343 0.740026
19.150343 0.826185
19.160343 0.020469
19.170343 0.779198
19.180344 0.318230
19.190344 0.587134
19.200344 0.977344
19.210344 0.359725
19.220345 0.573959
19.230345 0.353053
19.240345 0.387091
19.250345 0.747523
19.260345 0.773314
19.270346 0.011353
19.280346 0.664258
19.290346 0.750441
19.300346 0.505395
19.310347 0.005983
19.320347 0.212275
19.330347 0.409173
19.340347 0.889869
19.350348 0.643960
19.360348 0.908097
19.370348 0.442383
19.380348 0.421092
19.390348 0.368517
19.400349 0.737798
19.410349 0.097835
19.420349 0.517064
19.430349 0.169790
19.440350 0.025084
19.450350 0.359607
19.460350 0.220139
19.470350 0.528018
19.480350 0.798796
19.490351 0.672986
19.500351 0.717643
19.510351 0.069463
19.520351 0.452650
19.530352 0.881541
19.540352 0.692727
19.550352 0.298412
19.560352 0.684655
19.570353 0.301138
19.580353 0.460274
19.590353 0.327421
19.600353 0.816363
19.610353 0.924755
19.620354 0.324102
19.630354 0.830383
19.640354 0.613370
19.650354 0.817331
19.660355 0.247793
19.670355 0.498002
19.680355 0.116276
19.690355 0.244156
19.700356 0.352953
19.710356 0.982104
19.720356 0.281714
19.730356 0.918123
19.740356 0.739574
19.750357 0.714090
19.760357 0.290419
19.770357 0.654565
19.780357 0.910571
19.790358 0.504256
19.800358 0.645891
19.810358 0.407060
19.820358 0.626491
19.830359 0.544109
19.840359 0.933661
19.850359 0.108983
19.860359 0.220406
19.870359 0.304967
19.880360 0.685997
19.890360 0.464567
19.900360 0.373379
19.910360 0.955697
19.920361 0.876919
19.930361 0.086454
19.940361 0.647248
19.950361 0.803518
19.960361 0.412517
19.970362 0.446464
19.980362 0.956567
19.990362 0.028190
20.000362 0.664733
20.010363 0.540300
20.020363 0.851067
20.030363 0.656026
20.040363 0.784182
20.050364 0.028739
20.060364 0.393045
20.070364 0.471061
20.080364 0.708434
20.090364 0.736584
20.100365 0.422613
20.110365 0.942020
20.120365 0.523918
20.130365 0.610977
20.140366 0.682976
20.150366 0.451782
20.160366 0.037672
20.170366 0.673011
20.180367 0.156209
20.190367 0.237710
20.200367 0.043241
20.210367 0.766806
20.220367 0.768760
20.230368 0.714067
20.240368 0.124838
20.250368 0.410102
20.260368 0.549725
20.270369 0.869926
20.280369 0.815352
20.290369 0.186938
20.300369 0.251501
20.310369 0.476307
20.320370 0.214876
20.330370 0.569296
20.340370 0.212557
20.350370 0.044126
20.360371 0.573281
20.370371 0.998878
20.380371 0.899708
20.390371 0.139986
20.400372 0.957299
20.410372 0.456750
20.420372 0.609491
20.430372 0.470517
20.440372 0.651858
20.450373 0.567084
20.460373 0.435254
20.470373 0.409197
20.480373 0.907676
20.490374 0.756972
20.500374 0.971670
20.510374 0.574256
20.520374 0.640893
20.530375 0.878355
20.540375 0.688032
20.550375 0.024894
20.560375 0.642655
20.570375 0.506998
20.580376 0.265427
20.590376 0.368880
20.600376 0.271830
20.610376 0.399425
20.620377 0.973491
20.630377 0.951319
20.640377 0.815572
20.650377 0.109697
20.660378 0.825594
20.670378 0.596482
20.680378 0.121287
20.690378 0.857246
20.700378 0.466130
20.710379 0.517074
20.720379 0.468959
20.730379 0.473873
20.740379 0.631950
20.750380 0.793878
20.760380 0.282271
20.770380 0.737153
20.780380 0.417270
20.790380 0.709594
20.800381 0.315778
20.810381 0.979201
20.820381 0.235797
20.830381 0.530853
20.840382 0.627479
20.850382 0.420084
20.860382 0.296819
20.870382 0.549329
20.880383 0.502962
20.890383 0.855623
20.900383 0.028225
20.910383 0.184808
20.920383 0.668999
20.930384 0.787248
20.940384 0.326497
20.950384 0.228720
20.960384 0.578845
20.970385 0.739681
20.980385 0.882441
20.990385 0.265488
21.000385 0.304835
21.010386 0.809132
21.020386 0.415884
21.030386 0.491095
21.040386 0.000331
21.050386 0.624384
21.060387 0.199612
21.070387 0.484161
21.080387 0.935087
21.090387 0.105433
21.100388 0.212875
21.110388 0.545909
21.120388 0.536160
21.130388 0.154524
21.140388 0.041001
21.150389 0.473539
21.160389 0.529229
21.170389 0.713507
21.180389 0.836568
21.190390 0.669274
21.200390 0.349370
21.210390 0.235999
21.220390 0.338721
21.230391 0.307875
21.240391 0.230818
21.250391 0.335134
21.260391 0.873301
21.270391 0.522535
21.280392 0.375091
21.290392 0.225512
21.300392 0.143277
21.310392 0.747097
21.320393 0.997114
21.330393 0.144887
21.340393 0.385504
21.350393 0.136676
21.360394 0.849032
21.370394 0.546150
21.380394 0.488129
21.390394 0.434507
21.400394 0.588440
21.410395 0.838105
21.420395 0.008229
21.430395 0.456610
21.440395 0.487560
21.450396 0.434670
21.460396 0.729818
21.470396 0.114470
21.480396 0.945783
21.490396 0.972467
21.500397 0.689647
21.510397 0.317001
21.520397 0.872003
21.530397 0.667953
21.540398 0.156781
21.550398 0.304711
21.560398 0.624996
21.570398 0.814370
21.580399 0.269544
21.590399 0.729983
21.600399 0.047833
21.610399 0.538901
21.620399 0.250803
21.630400 0.757221
21.640400 0.492091
21.650400 0.839804
21.660400 0.883721
21.670401 0.405243
21.680401 0.213638
21.690401 0.056185
21.700401 0.232102
21.710402 0.472447
21.720402 0.326518
21.730402 0.759141
21.740402 0.132472
21.750402 0.494182
21.760403 0.645295
21.770403 0.327586
21.780403 0.422398
21.790403 0.993387
21.800404 0.327934
21.810404 0.436220
21.820404 0.057716
21.830404 0.652433
21.840405 0.677526
21.850405 0.353283
21.860405 0.519857
21.870405 0.199306
21.880405 0.776861
21.890406 0.354366
21.900406 0.236049
21.910406 0.648788
21.920406 0.648006
21.930407 0.003278
21.940407 0.095629
21.950407 0.843278
21.960407 0.260763
21.970407 0.345412
21.980408 0.713974
21.990408 0.913632
22.000408 0.198477
22.010408 0.782279
22.020409 0.493791
22.030409 0.633377
22.040409 0.944457
22.050409 0.142569
22.060410 0.086697
22.070410 0.616269
22.080410 0.222807
22.090410 0.095668
22.100410 0.844790
22.110411 0.744256
22.120411 0.337398
22.130411 0.943929
22.140411 0.753383
22.150412 0.088071
22.160412 0.053699
22.170412 0.121835
22.180412 0.087077
22.190413 0.264051
22.200413 0.890273
22.210413 0.580627
22.220413 0.269422
22.230413 0.667154
22.240414 0.187768
22.250414 0.068970
22.260414 0.732440
22.270414 0.230913
22.280415 0.539452
22.290415 0.072171
22.300415 0.760215
22.310415 0.330347
22.320415 0.962953
22.330416 0.548519
22.340416 0.607604
22.350416 0.594174
22.360416 0.010258
22.370417 0.321153
22.380417 0.561181
22.390417 0.799479
22.400417 0.122745
22.410418 0.032882
22.420418 0.957994
22.430418 0.647050
22.440418 0.288617
22.450418 0.450564
22.460419 0.605146
22.470419 0.161587
22.480419 0.128467
22.490419 0.881488
22.500420 0.109133
22.510420 0.220946
22.520420 0.175552
22.530420 0.819129
22.540421 0.590933
22.550421 0.426393
22.560421 0.413848
22.570421 0.217282
22.580421 0.346952
22.590422 0.205855
22.600422 0.250118
22.610422 0.063574
22.620422 0.635979
22.630423 0.859477
22.640423 0.515394
22.650423 0.014731
22.660423 0.800366
22.670424 0.766986
22.680424 0.883743
22.690424 0.611462
22.700424 0.940918
22.710424 0.375837
22.720425 0.157575
22.730425 0.120808
22.740425 0.887805
22.750425 0.964698
22.760426 0.172594
22.770426 0.984207
22.780426 0.975607
22.790426 0.756069
22.800426 0.923579
22.810427 0.572035
22.820427 0.323935
22.830427 0.352955
22.840427 0.784451
22.850428 0.867099
22.860428 0.833685
22.870428 0.956207
22.880428 0.100423
22.890429 0.493490
22.900429 0.773633
22.910429 0.530943
22.920429 0.752710
22.930429 0.361659
22.940430 0.696749
22.950430 0.322271
22.960430 0.651444
22.970430 0.069814
22.980431 0.987370
22.990431 0.553159
23.000431 0.192530
23.010431 0.055367
23.020432 0.799416
23.030432 0.091896
23.040432 0.039725
23.050432 0.563578
23.060432 0.655436
23.070433 0.565183
23.080433 0.762758
23.090433 0.544766
23.100433 0.892978
23.110434 0.167922
23.120434 0.802739
23.130434 0.122982
23.140434 0.278054
23.150434 0.025520
23.160435 0.452150
23.170435 0.830205
23.180435 0.968054
23.190435 0.782632
23.200436 0.361527
23.210436 0.168732
23.220436 0.064225
23.230436 0.398306
23.240437 0.929549
23.250437 0.563920
23.260437 0.915595
23.270437 0.336366
23.280437 0.536974
23.290438 0.478995
23.300438 0.244210
23.310438 0.257337
23.320438 0.265056
23.330439 0.477922
23.340439 0.880790
23.350439 0.390510
23.360439 0.641257
23.370440 0.701726
23.380440 0.208914
23.390440 0.328800
23.400440 0.302861
23.410440 0.444092
23.420441 0.295857
23.430441 0.522424
23.440441 0.814285
23.450441 0.915249
23.460442 0.573947
23.470442 0.118235
23.480442 0.346286
23.490442 0.526154
23.500443 0.965421
23.510443 0.508632
23.520443 0.482989
23.530443 0.030816
23.540443 0.607028
23.550444 0.416697
23.560444 0.101737
23.570444 0.071633
23.580444 0.122099
23.590445 0.092673
23.600445 0.435533
23.610445 0.284974
23.620445 0.454395
23.630445 0.161710
23.640446 0.020615
23.650446 0.361670
23.660446 0.070125
23.670446 0.415256
23.680447 0.023072
23.690447 0.804944
23.700447 0.255271
23.710447 0.840570
23.720448 0.276905
23.730448 0.587503
23.740448 0.891292
23.750448 0.036943
23.760448 0.428408
23.770449 0.246775
23.780449 0.542960
23.790449 0.866674
23.800449 0.623019
23.810450 0.954688
23.820450 0.700175
23.830450 0.367356
23.840450 0.773907
23.850451 0.803921
23.860451 0.296982
23.870451 0.133985
23.880451 0.277605
23.890451 0.529581
23.900452 0.104551
23.910452 0.229924
23.920452 0.080324
23.930452 0.462992
23.940453 0.632739
23.950453 0.260416
23.960453 0.816438
23.970453 0.037345
23.980453 0.852126
23.990454 0.237516
24.000454 0.733651
24.010454 0.243745
24.020454 0.393505
24.030455 0.867811
24.040455 0.761104
24.050455 0.196718
24.060455 0.126129
24.070456 0.631808
24.080456 0.168889
24.090456 0.302028
24.100456 0.844111
24.110456 0.614370
24.120457 0.190115
24.130457 0.333996
24.140457 0.590007
24.150457 0.248041
24.160458 0.937645
24.170458 0.197219
24.180458 0.256518
24.190458 0.594803
24.200459 0.233183
24.210459 0.957187
24.220459 0.075441
24.230459 0.306861
24.240459 0.190717
24.250460 0.329792
24.260460 0.424545
24.270460 0.154108
24.280460 0.751798
24.290461 0.690980
24.300461 0.758049
24.310461 0.806215
24.320461 0.877317
24.330462 0.540024
24.340462 0.048329
24.350462 0.122858
24.360462 0.857870
24.370462 0.474188
24.380463 0.771632
24.390463 0.388831
24.400463 0.639382
24.410463 0.125431
24.420464 0.488661
24.430464 0.974960
24.440464 0.177078
24.450464 0.203524
24.460464 0.474479
24.470465 0.694586
24.480465 0.462373
24.490465 0.082390
24.500465 0.607197
24.510466 0.433349
24.520466 0.924710
24.530466 0.071058
24.540466 0.000224
24.550467 0.372101
24.560467 0.633285
24.570467 0.206493
24.580467 0.280557
24.590467 0.604668
24.600468 0.929154
24.610468 0.687428
24.620468 0.300911
24.630468 0.120215
24.640469 0.452037
24.650469 0.796540
24.660469 0.704693
24.670469 0.810952
24.680470 0.711840
24.690470 0.708849
24.700470 0.621392
24.710470 0.357495
24.720470 0.444215
24.730471 0.098682
24.740471 0.790459
24.750471 0.904478
24.760471 0.612300
24.770472 0.093198
24.780472 0.231872
24.790472 0.376766
24.800472 0.531127
24.810472 0.300052
24.820473 0.792129
24.830473 0.001353
24.840473 0.733169
24.850473 0.298929
24.860474 0.289363
24.870474 0.131640
24.880474 0.727385
24.890474 0.835367
24.900475 0.807698
24.910475 0.250082
24.920475 0.172315
24.930475 0.710281
24.940475 0.898982
24.950476 0.123364
24.960476 0.456752
24.970476 0.005292
24.980476 0.943101
24.990477 0.463274
25.000477 0.607924
25.010477 0.323261
25.020477 0.802514
25.030478 0.208790
25.040478 0.503732
25.050478 0.421987
25.060478 0.742071
25.070478 0.183807
25.080479 0.807246
25.090479 0.259049
25.100479 0.634326
25.110479 0.534115
25.120480 0.951405
25.130480 0.595092
25.140480 0.949168
25.150480 0.031184
25.160480 0.040857
25.170481 0.985015
25.180481 0.353660
25.190481 0.214023
25.200481 0.195253
25.210482 0.050526
25.220482 0.795593
25.230482 0.979471
25.240482 0.701645
25.250483 0.218204
25.260483 0.287559
25.270483 0.822202
25.280483 0.268239
25.290483 0.734805
25.300484 0.775695
25.310484 0.555141
25.320484 0.651391
25.330484 0.362172
25.340485 0.200089
25.350485 0.236709
25.360485 0.264160
25.370485 0.099199
25.380486 0.316693
25.390486 0.811292
25.400486 0.947674
25.410486 0.985245
25.420486 0.941249
25.430487 0.892459
25.440487 0.604298
25.450487 0.180910
25.460487 0.834900
25.470488 0.334132
25.480488 0.639984
25.490488 0.286773
25.500488 0.522866
25.510489 0.033166
25.520489 0.256644
25.530489 0.202514
25.540489 0.418868
25.550489 0.468280
25.560490 0.266296
25.570490 0.717665
25.580490 0.919022
25.590490 0.126327
25.600491 0.787502
25.610491 0.696322
25.620491 0.783129
25.630491 0.409358
25.640491 0.529989
25.650492 0.922475
25.660492 0.494939
25.670492 0.207400
25.680492 0.302011
25.690493 0.926862
25.700493 0.195839
25.710493 0.805500
25.720493 0.391882
25.730494 0.952529
25.740494 0.731013
25.750494 0.553108
25.760494 0.913144
25.770494 0.432558
25.780495 0.799397
25.790495 0.033831
25.800495 0.473304
25.810495 0.263064
25.820496 0.827572
25.830496 0.748840
25.840496 0.367997
25.850496 0.836798
25.860497 0.115232
25.870497 0.373617
25.880497 0.233469
25.890497 0.352083
25.900497 0.851170
25.910498 0.911409
25.920498 0.855700
25.930498 0.688909
25.940498 0.552219
25.950499 0.884722
25.960499 0.858082
25.970499 0.024582
25.980499 0.314652
25.990499 0.555974
26.000500 0.823014
26.010500 0.987159
26.020500 0.422817
26.030500 0.918142
26.040501 0.175987
26.050501 0.173068
26.060501 0.470934
26.070501 0.354700
26.080502 0.831721
26.090502 0.208798
26.100502 0.311767
26.110502 0.834844
26.120502 0.206779
26.130503 0.653729
26.140503 0.144379
26.150503 0.824799
26.160503 0.106134
26.170504 0.126181
26.180504 0.639342
26.190504 0.689755
26.200504 0.134712
26.210505 0.307371
26.220505 0.623837
26.230505 0.804868
26.240505 0.439597
26.250505 0.423450
26.260506 0.914382
26.270506 0.349688
26.280506 0.602838
26.290506 0.425192
26.300507 0.997893
26.310507 0.430969
26.320507 0.555576
26.330507 0.144774
26.340508 0.481982
26.350508 0.757153
26.360508 0.226237
26.370508 0.991698
26.380508 0.325528
26.390509 0.207706
26.400509 0.851965
26.410509 0.303057
26.420509 0.536474
26.430510 0.826410
26.440510 0.134271
26.450510 0.850560
26.460510 0.204353
26.470510 0.684581
26.480511 0.696485
26.490511 0.557104
26.500511 0.792447
26.510511 0.763786
26.520512 0.169245
26.530512 0.533893
26.540512 0.623791
26.550512 0.194205
26.560513 0.086553
26.570513 0.725569
26.580513 0.484844
26.590513 0.441188
26.600513 0.092433
26.610514 0.871476
26.620514 0.472002
26.630514 0.086470
26.640514 0.538779
26.650515 0.047647
26.660515 0.303770
26.670515 0.819924
26.680515 0.778352
26.690516 0.653588
26.700516 0.703049
26.710516 0.901591
26.720516 0.531226
26.730516 0.523293
26.740517 0.460446
26.750517 0.321337
26.760517 0.914266
26.770517 0.559690
26.780518 0.964760
26.790518 0.964951
26.800518 0.685851
26.810518 0.369864
26.820518 0.327814
26.830519 0.471434
26.840519 0.164318
26.850519 0.284824
26.860519 0.437916
26.870520 0.957988
26.880520 0.149039
26.890520 0.617438
26.900520 0.002642
26.910521 0.108606
26.920521 0.106291
26.930521 0.296663
26.940521 0.743862
26.950521 0.121885
26.960522 0.304904
26.970522 0.131653
26.980522 0.695519
26.990522 0.936692
27.000523 0.503897
27.010523 0.938299
27.020523 0.040312
27.030523 0.884626
27.040524 0.039047
27.050524 0.900766
27.060524 0.070961
27.070524 0.230055
27.080524 0.638632
27.090525 0.655381
27.100525 0.844081
27.110525 0.867006
27.120525 0.259697
27.130526 0.252741
27.140526 0.531935
27.150526 0.053022
27.160526 0.492602
27.170527 0.970915
27.180527 0.694671
27.190527 0.419497
27.200527 0.278688
27.210527 0.778509
27.220528 0.971401
27.230528 0.442912
27.240528 0.547357
27.250528 0.457035
27.260529 0.504063
27.270529 0.069380
27.280529 0.956490
27.290529 0.129168
27.300529 0.698060
27.310530 0.624084
27.320530 0.843687
27.330530 0.360255
27.340530 0.325792
27.350531 0.516363
27.360531 0.223483
27.370531 0.527711
27.380531 0.084315
27.390532 0.469831
27.400532 0.733407
27.410532 0.725221
27.420532 0.320310
27.430532 0.104939
27.440533 0.703968
27.450533 0.790018
27.460533 0.981516
27.470533 0.109597
27.480534 0.446604
27.490534 0.831671
27.500534 0.893833
27.510534 0.023026
27.520535 0.689874
27.530535 0.885138
27.540535 0.100889
27.550535 0.790946
27.560535 0.196403
27.570536 0.510323
27.580536 0.344335
27.590536 0.828966
27.600536 0.637918
27.610537 0.581556
27.620537 0.368103
27.630537 0.848825
27.640537 0.048225
27.650537 0.435621
27.660538 0.861012
27.670538 0.292762
27.680538 0.696944
27.690538 0.523928
27.700539 0.725272
27.710539 0.909130
27.720539 0.191614
27.730539 0.806726
27.740540 0.392530
27.750540 0.952454
27.760540 0.511451
27.770540 0.163924
27.780540 0.976247
27.790541 0.259211
27.800541 0.570122
27.810541 0.922924
27.820541 0.724521
27.830542 0.232835
27.840542 0.692825
27.850542 0.329126
27.860542 0.049361
27.870543 0.654868
27.880543 0.048356
27.890543 0.035519
27.900543 0.088268
27.910543 0.451245
27.920544 0.901537
27.930544 0.855557
27.940544 0.486392
27.950544 0.701589
27.960545 0.425165
27.970545 0.515582
27.980545 0.760201
27.990545 0.543976
28.000546 0.441572
28.010546 0.632266
28.020546 0.057296
28.030546 0.347144
28.040546 0.638114
28.050547 0.815350
28.060547 0.405776
28.070547 0.886840
28.080547 0.632653
28.090548 0.610471
28.100548 0.147351
28.110548 0.953355
28.120548 0.446731
28.130548 0.920825
28.140549 0.371500
28.150549 0.154765
28.160549 0.996265
28.170549 0.815157
28.180550 0.966679
28.190550 0.876757
28.200550 0.730667
28.210550 0.994081
28.220551 0.735313
28.230551 0.767812
28.240551 0.468305
28.250551 0.163580
28.260551 0.691653
28.270552 0.481022
28.280552 0.293812
28.290552 0.686037
28.300552 0.688245
28.310553 0.104789
28.320553 0.434152
28.330553 0.943021
28.340553 0.363560
28.350554 0.028464
28.360554 0.726488
28.370554 0.163900
28.380554 0.739174
28.390554 0.330699
28.400555 0.371221
28.410555 0.129202
28.420555 0.741921
28.430555 0.953557
28.440556 0.445288
28.450556 0.242229
28.460556 0.309768
28.470556 0.380508
28.480556 0.279585
28.490557 0.337151
28.500557 0.338213
28.510557 0.608364
28.520557 0.503711
28.530558 0.132555
28.540558 0.518064
28.550558 0.369312
28.560558 0.882982
28.570559 0.087902
28.580559 0.540308
28.590559 0.687907
28.600559 0.146654
28.610559 0.233690
28.620560 0.336909
28.630560 0.457719
28.640560 0.790549
28.650560 0.247238
28.660561 0.078741
28.670561 0.192920
28.680561 0.367945
28.690561 0.073356
28.700562 0.857363
28.710562 0.991336
28.720562 0.423889
28.730562 0.946842
28.740562 0.083026
28.750563 0.968125
28.760563 0.922485
28.770563 0.981500
28.780563 0.087425
28.790564 0.554531
28.800564 0.534555
28.810564 0.033519
28.820564 0.629529
28.830564 0.566033
28.840565 0.343207
28.850565 0.326602
28.860565 0.572820
28.870565 0.431157
28.880566 0.563834
28.890566 0.108777
28.900566 0.991989
28.910566 0.429493
28.920567 0.517918
28.930567 0.178549
28.940567 0.139349
28.950567 0.848763
28.960567 0.929683
28.970568 0.518918
28.980568 0.771595
28.990568 0.160572
29.000568 0.292269
29.010569 0.075102
29.020569 0.225199
29.030569 0.297798
29.040569 0.564957
29.050570 0.234865
29.060570 0.705615
29.070570 0.949058
29.080570 0.382424
29.090570 0.163711
29.100571 0.596818
29.110571 0.163654
29.120571 0.676556
29.130571 0.421319
29.140572 0.231850
29.150572 0.070764
29.160572 0.604684
29.170572 0.366425
29.180573 0.723426
29.190573 0.886891
29.200573 0.746883
29.210573 0.636448
29.220573 0.820814
29.230574 0.733980
29.240574 0.059167
29.250574 0.372842
29.260574 0.722901
29.270575 0.875813
29.280575 0.257024
29.290575 0.026135
29.300575 0.678312
29.310575 0.451854
29.320576 0.440793
29.330576 0.204556
29.340576 0.585739
29.350576 0.435572
29.360577 0.475299
29.370577 0.580951
29.380577 0.668185
29.390577 0.549105
29.400578 0.093220
29.410578 0.814254
29.420578 0.333973
29.430578 0.049293
29.440578 0.925346
29.450579 0.509331
29.460579 0.208303
29.470579 0.373440
29.480579 0.769970
29.490580 0.683605
29.500580 0.878404
29.510580 0.449222
29.520580 0.824679
29.530581 0.047066
29.540581 0.452462
29.550581 0.275159
29.560581 0.321919
29.570581 0.666320
29.580582 0.600148
29.590582 0.049719
29.600582 0.867635
29.610582 0.571054
29.620583 0.286652
29.630583 0.442884
29.640583 0.691407
29.650583 0.386216
29.660583 0.101506
29.670584 0.478944
29.680584 0.215907
29.690584 0.714366
29.700584 0.540242
29.710585 0.238984
29.720585 0.660645
29.730585 0.344862
29.740585 0.146309
29.750586 0.142352
29.760586 0.455366
29.770586 0.290027
29.780586 0.340948
29.790586 0.765214
29.800587 0.775710
29.810587 0.519352
29.820587 0.541356
29.830587 0.978701
29.840588 0.579611
29.850588 0.222517
29.860588 0.727015
29.870588 0.007206
29.880589 0.747305
29.890589 0.637986
29.900589 0.598275
29.910589 0.828013
29.920589 0.768726
29.930590 0.358860
29.940590 0.470865
29.950590 0.055918
29.960590 0.415591
29.970591 0.510099
29.980591 0.859041
29.990591 0.121003
30.000591 0.845961
30.010592 0.985236
30.020592 0.565540
30.030592 0.584756
30.040592 0.058798
30.050592 0.756024
30.060593 0.968623
30.070593 0.920769
30.080593 0.815564
30.090593 0.110448
30.100594 0.978588
30.110594 0.973040
30.120594 0.423926
30.130594 0.034146
30.140594 0.934653
30.150595 0.700063
30.160595 0.811740
30.170595 0.094151
30.180595 0.087590
30.190596 0.209636
30.200596 0.362752
30.210596 0.394217
30.220596 0.526702
30.230597 0.621282
30.240597 0.121759
30.250597 0.995590
30.260597 0.677388
30.270597 0.984972
30.280598 0.367486
30.290598 0.699600
30.300598 0.236724
30.310598 0.501317
30.320599 0.685436
30.330599 0.097731
30.340599 0.501100
30.350599 0.185353
30.360600 0.617802
30.370600 0.155823
30.380600 0.047372
30.390600 0.089729
30.400600 0.618757
30.410601 0.422000
30.420601 0.185355
30.430601 0.340373
30.440601 0.374593
30.450602 0.858797
30.460602 0.236401
30.470602 0.766224
30.480602 0.861172
30.490602 0.690422
30.500603 0.694749
30.510603 0.442410
30.520603 0.685702
30.530603 0.933294
30.540604 0.582997
30.550604 0.272208
30.560604 0.004071
30.570604 0.114871
30.580605 0.661331
30.590605 0.956591
30.600605 0.404997
30.610605 0.270749
30.620605 0.635888
30.630606 0.631248
30.640606 0.722231
30.650606 0.597163
30.660606 0.632009
30.670607 0.770271
30.680607 0.468542
30.690607 0.095167
30.700607 0.153223
30.710608 0.984522
30.720608 0.000528
30.730608 0.409134
30.740608 0.690083
30.750608 0.293018
30.760609 0.220261
30.770609 0.586907
30.780609 0.430695
30.790609 0.669927
30.800610 0.524960
30.810610 0.188431
30.820610 0.966688
30.830610 0.911204
30.840611 0.334360
30.850611 0.576347
30.860611 0.997072
30.870611 0.507258
30.880611 0.190034
30.890612 0.133572
30.900612 0.273731
30.910612 0.525777
30.920612 0.542918
30.930613 0.882875
30.940613 0.075212
30.950613 0.916937
30.960613 0.663844
30.970613 0.610974
30.980614 0.462005
30.990614 0.957407
31.000614 0.944425
31.010614 0.219428
31.020615 0.281889
31.030615 0.196063
31.040615 0.347648
31.050615 0.996957
31.060616 0.136465
31.070616 0.590136
31.080616 0.142699
31.090616 0.708740
31.100616 0.271151
31.110617 0.003057
31.120617 0.868529
31.130617 0.469378
31.140617 0.045216
31.150618 0.742824
31.160618 0.845473
31.170618 0.964697
31.180618 0.413660
31.190619 0.861025
31.200619 0.451742
31.210619 0.636349
31.220619 0.799602
31.230619 0.907079
31.240620 0.838098
31.250620 0.380679
31.260620 0.148386
31.270620 0.279939
31.280621 0.133562
31.290621 0.343645
31.300621 0.579841
31.310621 0.171059
31.320621 0.440177
31.330622 0.736498
31.340622 0.343249
31.350622 0.919066
31.360622 0.796028
31.370623 0.737728
31.380623 0.133980
31.390623 0.860410
31.400623 0.651572
31.410624 0.486491
31.420624 0.857714
31.430624 0.063599
31.440624 0.431649
31.450624 0.677916
31.460625 0.687503
31.470625 0.670789
31.480625 0.199139
31.490625 0.123603
31.500626 0.513073
31.510626 0.573241
31.520626 0.879234
31.530626 0.889105
31.540627 0.346756
31.550627 0.340831
31.560627 0.606636
31.570627 0.827712
31.580627 0.845073
31.590628 0.375515
31.600628 0.511194
31.610628 0.825508
31.620628 0.201426
31.630629 0.220087
31.640629 0.227670
31.650629 0.201236
31.660629 0.338747
31.670630 0.522878
31.680630 0.998210
31.690630 0.076274
31.700630 0.609611
31.710630 0.923362
31.720631 0.905154
31.730631 0.270974
31.740631 0.326755
31.750631 0.810263
31.760632 0.328919
31.770632 0.285418
31.780632 0.083617
31.790632 0.631061
31.800632 0.550654
31.810633 0.092427
31.820633 0.370241
31.830633 0.958428
31.840633 0.720247
31.850634 0.981358
31.860634 0.785411
31.870634 0.494549
31.880634 0.473101
31.890635 0.231258
31.900635 0.735135
31.910635 0.408578
31.920635 0.918326
31.930635 0.415454
31.940636 0.887756
31.950636 0.036216
31.960636 0.728776
31.970636 0.116332
31.980637 0.527067
31.990637 0.844965
32.000637 0.660385
32.010635 0.494307
32.020634 0.960344
32.030632 0.395830
32.040630 0.113065
32.050629 0.759704
32.060627 0.154449
32.070625 0.664757
32.080624 0.744801
32.090622 0.157142
32.100620 0.099843
32.110619 0.767938
32.120617 0.669381
32.130615 0.621193
32.140614 0.052033
32.150612 0.748217
32.160610 0.239498
32.170609 0.097506
32.180607 0.738575
32.190605 0.399489
32.200603 0.751793
32.210602 0.458625
32.220600 0.016157
32.230598 0.047302
32.240597 0.848121
32.250595 0.557565
32.260593 0.938616
32.270592 0.072513
32.280590 0.745262
32.290588 0.849574
32.300587 0.078100
32.310585 0.707054
32.320583 0.348937
32.330582 0.033646
32.340580 0.506440
32.350578 0.083599
32.360577 0.521042
32.370575 0.696392
32.380573 0.573424
32.390572 0.661722
32.400570 0.323172
32.410568 0.123308
32.420567 0.447779
32.430565 0.350095
32.440563 0.584654
32.450562 0.433557
32.460560 0.952860
32.470558 0.906320
32.480556 0.097499
32.490555 0.417012
32.500553 0.123216
32.510551 0.422352
32.520550 0.660027
32.530548 0.844840
32.540546 0.924238
32.550545 0.934381
32.560543 0.939632
32.570541 0.291634
32.580540 0.962073
32.590538 0.862005
32.600536 0.145705
32.610535 0.367520
32.620533 0.715183
32.630531 0.153936
32.640530 0.066529
32.650528 0.698351
32.660526 0.745499
32.670525 0.658193
32.680523 0.477745
32.690521 0.511847
32.700520 0.602708
32.710518 0.446321
32.720516 0.951417
32.730515 0.554081
32.740513 0.279216
32.750511 0.096794
32.760509 0.938720
32.770508 0.556187
32.780506 0.368554
32.790504 0.416159
32.800503 0.748904
32.810501 0.143477
32.820499 0.742213
32.830498 0.772155
32.840496 0.863454
32.850494 0.991755
32.860493 0.008072
32.870491 0.295945
32.880489 0.396663
32.890488 0.017606
32.900486 0.119745
32.910484 0.236461
32.920483 0.509446
32.930481 0.285578
32.940479 0.845625
32.950478 0.914921
32.960476 0.097712
32.970474 0.235755
32.980473 0.907298
32.990471 0.118813
33.000469 0.083591
33.010468 0.406278
33.020466 0.190940
33.030464 0.619483
33.040462 0.439040
33.050461 0.438458
33.060459 0.706796
33.070457 0.414235
33.080456 0.546696
33.090454 0.214539
33.100452 0.808536
33.110451 0.541147
33.120449 0.360383
33.130447 0.162639
33.140446 0.427084
33.150444 0.042249
33.160442 0.853410
33.170441 0.258553
33.180439 0.766308
33.190437 0.148136
33.200436 0.551150
33.210434 0.013915
33.220432 0.547847
33.230431 0.705330
33.240429 0.227571
33.250427 0.734489
33.260426 0.679509
33.270424 0.587951
33.280422 0.624067
33.290421 0.796409
33.300419 0.309411
33.310417 0.539445
33.320415 0.921617
33.330414 0.373007
33.340412 0.972874
33.350410 0.930807
33.360409 0.590824
33.370407 0.467061
33.380405 0.750457
33.390404 0.042075
33.400402 0.663578
33.410400 0.795053
33.420399 0.546263
33.430397 0.057632
33.440395 0.748034
33.450394 0.829263
33.460392 0.231498
33.470390 0.287504
33.480389 0.656295
33.490387 0.443665
33.500385 0.148189
33.510384 0.601335
33.520382 0.071076
33.530380 0.209735
33.540379 0.454033
33.550377 0.494833
33.560375 0.560925
33.570374 0.543226
33.580372 0.836781
33.590370 0.046366
33.600368 0.608881
33.610367 0.972930
33.620365 0.013615
33.630363 0.601111
33.640362 0.370379
33.650360 0.663591
33.660358 0.139163
33.670357 0.819117
33.680355 0.174506
33.690353 0.618839
33.700352 0.209655
33.710350 0.610100
33.720348 0.458262
33.730347 0.373741
33.740345 0.907949
33.750343 0.960495
33.760342 0.834323
33.770340 0.382945
33.780338 0.175571
33.790337 0.136638
33.800335 0.374990
33.810333 0.158089
33.820332 0.417477
33.830330 0.762051
33.840328 0.312925
33.850327 0.711130
33.860325 0.389998
33.870323 0.747214
33.880322 0.155161
33.890320 0.238282
33.900318 0.942614
33.910316 0.568335
33.920315 0.451352
33.930313 0.717757
33.940311 0.283069
33.950310 0.409289
33.960308 0.998879
33.970306 0.194342
33.980305 0.919414
33.990303 0.800678
34.000301 0.282995
34.010300 0.751676
34.020298 0.961365
34.030296 0.605050
34.040295 0.194610
34.050293 0.311196
34.060291 0.799578
34.070290 0.141397
34.080288 0.124550
34.090286 0.492819
34.100285 0.040937
34.110283 0.439713
34.120281 0.062295
34.130280 0.390123
34.140278 0.879652
34.150276 0.732460
34.160275 0.318653
34.170273 0.581116
34.180271 0.199883
34.190269 0.380142
34.200268 0.512810
34.210266 0.359383
34.220264 0.711063
34.230263 0.188931
34.240261 0.910324
34.250259 0.639813
34.260258 0.340285
34.270256 0.096473
34.280254 0.543524
34.290253 0.394261
34.300251 0.178541
34.310249 0.205066
34.320248 0.591112
34.330246 0.696898
34.340244 0.183873
34.350243 0.247602
34.360241 0.619541
34.370239 0.413991
34.380238 0.972191
34.390236 0.539697
34.400234 0.702858
34.410233 0.431175
34.420231 0.716607
34.430229 0.950781
34.440228 0.426409
34.450226 0.761493
34.460224 0.972403
34.470222 0.207607
34.480221 0.957205
34.490219 0.373626
34.500217 0.144444
34.510216 0.106276
34.520214 0.922395
34.530212 0.591594
34.540211 0.016987
34.550209 0.774873
34.560207 0.797556
34.570206 0.180069
34.580204 0.925868
34.590202 0.709910
34.600201 0.967116
34.610199 0.994373
34.620197 0.626383
34.630196 0.758694
34.640194 0.006870
34.650192 0.357700
34.660191 0.006333
34.670189 0.779513
34.680187 0.058151
34.690186 0.162498
34.700184 0.525459
34.710182 0.266009
34.720181 0.247760
34.730179 0.375974
34.740177 0.595602
34.750175 0.545688
34.760174 0.868432
34.770172 0.974896
34.780170 0.219386
34.790169 0.170257
34.800167 0.710549
34.810165 0.921383
34.820164 0.701014
34.830162 0.112982
34.840160 0.344565
34.850159 0.213837
34.860157 0.456266
34.870155 0.321917
34.880154 0.940521
34.890152 0.166024
34.900150 0.158050
34.910149 0.884473
34.920147 0.099876
34.930145 0.258474
34.940144 0.140616
34.950142 0.515996
34.960140 0.217278
34.970139 0.311466
34.980137 0.084127
34.990135 0.660915
35.000134 0.715872
35.010132 0.505109
35.020130 0.149530
35.030128 0.198430
35.040127 0.567208
35.050125 0.342281
35.060123 0.522377
35.070122 0.475032
35.080120 0.351906
35.090118 0.952949
35.100117 0.547278
35.110115 0.183409
35.120113 0.604256
35.130112 0.877679
35.140110 0.539238
35.150108 0.902207
35.160107 0.755267
35.170105 0.363815
35.180103 0.894291
35.190102 0.974908
35.200100 0.914736
35.210098 0.245077
35.220097 0.192993
35.230095 0.800705
35.240093 0.362496
35.250092 0.155274
35.260090 0.702937
35.270088 0.638265
35.280087 0.628678
35.290085 0.416004
35.300083 0.599982
35.310081 0.177764
35.320080 0.687655
35.330078 0.718857
35.340076 0.605169
35.350075 0.551417
35.360073 0.153189
35.370071 0.242594
35.380070 0.791014
35.390068 0.152285
35.400066 0.604380
35.410065 0.168536
35.420063 0.466101
35.430061 0.780462
35.440060 0.782597
35.450058 0.512057
35.460056 0.172594
35.470055 0.790509
35.480053 0.445949
35.490051 0.619340
35.500050 0.502738
35.510048 0.270484
35.520046 0.045626
35.530045 0.696823
35.540043 0.185884
35.550041 0.928009
35.560040 0.071222
35.570038 0.971961
35.580036 0.448533
35.590034 0.520148
35.600033 0.201618
35.610031 0.919680
35.620029 0.190889
35.630028 0.959455
35.640026 0.174190
35.650024 0.836453
35.660023 0.942165
35.670021 0.917320
35.680019 0.255848
35.690018 0.576085
35.700016 0.694207
35.710014 0.977060
35.720013 0.151013
35.730011 0.666574
35.740009 0.612835
35.750008 0.453038
35.760006 0.228184
35.770004 0.259907
35.780003 0.785696
35.790001 0.569246
35.799999 0.780790
35.809998 0.396068
35.819996 0.784623
35.829994 0.102442
35.839993 0.179911
35.849991 0.124236
35.859989 0.052801
35.869987 0.053004
35.879986 0.824969
35.889984 0.869157
35.899982 0.328835
35.909981 0.763801
35.919979 0.680252
35.929977 0.575466
35.939976 0.300792
35.949974 0.906581
35.959972 0.405150
35.969971 0.139723
35.979969 0.956032
35.989967 0.280573
35.999966 0.977152
36.009964 0.246746
36.019962 0.123022
36.029961 0.693544
36.039959 0.680203
36.049957 0.277171
36.059956 0.158306
36.069954 0.736463
36.079952 0.126131
36.089951 0.525959
36.099949 0.737372
36.109947 0.824916
36.119946 0.910966
36.129944 0.661644
36.139942 0.087638
36.149940 0.909752
36.159939 0.726536
36.169937 0.523776
36.179935 0.533372
36.189934 0.093027
36.199932 0.474470
36.209930 0.877289
36.219929 0.887546
36.229927 0.500691
36.239925 0.716268
36.249924 0.258890
36.259922 0.459060
36.269920 0.028858
36.279919 0.769474
36.289917 0.219454
36.299915 0.382983
36.309914 0.504541
36.319912 0.884075
36.329910 0.010441
36.339909 0.717442
36.349907 0.784079
36.359905 0.241250
36.369904 0.520204
36.379902 0.577359
36.389900 0.892902
36.399899 0.372755
36.409897 0.241689
36.419895 0.239531
36.429893 0.419657
36.439892 0.945943
36.449890 0.466246
36.459888 0.105771
36.469887 0.587239
36.479885 0.467124
36.489883 0.234388
36.499882 0.054204
36.509880 0.194801
36.519878 0.173454
36.529877 0.834364
36.539875 0.649954
36.549873 0.561067
36.559872 0.387355
36.569870 0.589890
36.579868 0.984740
36.589867 0.693200
36.599865 0.652675
36.609863 0.101644
36.619862 0.333190
36.629860 0.791025
36.639858 0.641322
36.649857 0.050864
36.659855 0.067691
36.669853 0.397909
36.679852 0.774049
36.689850 0.701292
36.699848 0.282312
36.709846 0.692151
36.719845 0.728805
36.729843 0.676625
36.739841 0.711809
36.749840 0.631907
36.759838 0.081807
36.769836 0.789542
36.779835 0.869198
36.789833 0.618907
36.799831 0.635962
36.809830 0.265418
36.819828 0.893099
36.829826 0.618251
36.839825 0.011854
36.849823 0.765148
36.859821 0.625528
36.869820 0.991072
36.879818 0.610198
36.889816 0.058579
36.899815 0.616597
36.909813 0.781954
36.919811 0.481186
36.929810 0.940158
36.939808 0.462320
36.949806 0.612417
36.959805 0.163579
36.969803 0.184403
36.979801 0.466336
36.989799 0.315073
36.999798 0.470818
37.009796 0.699183
37.019794 0.619689
37.029793 0.790088
37.039791 0.117217
37.049789 0.003571
37.059788 0.311989
37.069786 0.457207
37.079784 0.186616
37.089783 0.204052
37.099781 0.722472
37.109779 0.933929
37.119778 0.769520
37.129776 0.503426
37.139774 0.144051
37.149773 0.905480
37.159771 0.731046
37.169769 0.201755
37.179768 0.423791
37.189766 0.417529
37.199764 0.947998
37.209763 0.154915
37.219761 0.568926
37.229759 0.261289
37.239758 0.473730
37.249756 0.775796
37.259754 0.381360
37.269753 0.616523
37.279751 0.787299
37.289749 0.193911
37.299747 0.711179
37.309746 0.445460
37.319744 0.469850
37.329742 0.944544
37.339741 0.730240
37.349739 0.204773
37.359737 0.565412
37.369736 0.117719
37.379734 0.142216
37.389732 0.569177
37.399731 0.342796
37.409729 0.854910
37.419727 0.790975
37.429726 0.985295
37.439724 0.825499
37.449722 0.297916
37.459721 0.983025
37.469719 0.834906
37.479717 0.021123
37.489716 0.945641
37.499714 0.483477
37.509712 0.760367
37.519711 0.312537
37.529709 0.002273
37.539707 0.513153
37.549706 0.659744
37.559704 0.599724
37.569702 0.861759
37.579700 0.804715
37.589699 0.004026
37.599697 0.962014
37.609695 0.791384
37.619694 0.458925
37.629692 0.363022
37.639690 0.381300
37.649689 0.090155
37.659687 0.772232
37.669685 0.390213
37.679684 0.292115
37.689682 0.209687
37.699680 0.630978
37.709679 0.440638
37.719677 0.846555
37.729675 0.256041
37.739674 0.435670
37.749672 0.551105
37.759670 0.071411
37.769669 0.925959
37.779667 0.734513
37.789665 0.660541
37.799664 0.900198
37.809662 0.771000
37.819660 0.914971
37.829659 0.792712
37.839657 0.060760
37.849655 0.994931
37.859653 0.985211
37.869652 0.956927
37.879650 0.244718
37.889648 0.055530
37.899647 0.936595
37.909645 0.878621
37.919643 0.961184
37.929642 0.709543
37.939640 0.629626
37.949638 0.375136
37.959637 0.145010
37.969635 0.872514
37.979633 0.008033
37.989632 0.407779
37.999630 0.438709
38.009628 0.592446
38.019627 0.590882
38.029625 0.124890
38.039623 0.164337
38.049622 0.402739
38.059620 0.196114
38.069618 0.758530
38.079617 0.242694
38.089615 0.435735
38.099613 0.238875
38.109612 0.136447
38.119610 0.675738
38.129608 0.569573
38.139606 0.456024
38.149605 0.048634
38.159603 0.985896
38.169601 0.939456
38.179600 0.718704
38.189598 0.382378
38.199596 0.082860
38.209595 0.777148
38.219593 0.595672
38.229591 0.069797
38.239590 0.112570
38.249588 0.422324
38.259586 0.361918
38.269585 0.627130
38.279583 0.720350
38.289581 0.664847
38.299580 0.253967
38.309578 0.695277
38.319576 0.945120
38.329575 0.282169
38.339573 0.452202
38.349571 0.197151
38.359570 0.346306
38.369568 0.700654
38.379566 0.721773
38.389565 0.830425
38.399563 0.470350
38.409561 0.368974
38.419559 0.020463
38.429558 0.826326
38.439556 0.987929
38.449554 0.436862
38.459553 0.040758
38.469551 0.578547
38.479549 0.703108
38.489548 0.199997
38.499546 0.403847
38.509544 0.624580
38.519543 0.656395
38.529541 0.033906
38.539539 0.578036
38.549538 0.928277
38.559536 0.048146
38.569534 0.994275
38.579533 0.019031
38.589531 0.741961
38.599529 0.108107
38.609528 0.221521
38.619526 0.193459
38.629524 0.933680
38.639523 0.070233
38.649521 0.832970
38.659519 0.172211
38.669518 0.356149
38.679516 0.396857
38.689514 0.211181
38.699512 0.191602
38.709511 0.054594
38.719509 0.478121
38.729507 0.862303
38.739506 0.756518
38.749504 0.198284
38.759502 0.435070
38.769501 0.199742
38.779499 0.481944
38.789497 0.052266
38.799496 0.929680
38.809494 0.347486
38.819492 0.372186
38.829491 0.950132
38.839489 0.162192
38.849487 0.011441
38.859486 0.758414
38.869484 0.594117
38.879482 0.473539
38.889481 0.558855
38.899479 0.745579
38.909477 0.495050
38.919476 0.204392
38.929474 0.113866
38.939472 0.053453
38.949471 0.511513
38.959469 0.056841
38.969467 0.925563
38.979465 0.320294
38.989464 0.185874
38.999462 0.102163
39.009460 0.713260
39.019459 0.721913
39.029457 0.475719
39.039455 0.549197
39.049454 0.627504
39.059452 0.546861
39.069450 0.004744
39.079449 0.281008
39.089447 0.885493
39.099445 0.766563
39.109444 0.709724
39.119442 0.159720
39.129440 0.812747
39.139439 0.707110
39.149437 0.733075
39.159435 0.945310
39.169434 0.731237
39.179432 0.429678
39.189430 0.237456
39.199429 0.956996
39.209427 0.925644
39.219425 0.075138
39.229424 0.024274
39.239422 0.986587
39.249420 0.357404
39.259418 0.144120
39.269417 0.086895
39.279415 0.441122
39.289413 0.209823
39.299412 0.838848
39.309410 0.577479
39.319408 0.814752
39.329407 0.081583
39.339405 0.262528
39.349403 0.809937
39.359402 0.762448
39.369400 0.310671
39.379398 0.484351
39.389397 0.447511
39.399395 0.744591
39.409393 0.632224
39.419392 0.464658
39.429390 0.659339
39.439388 0.233416
39.449387 0.043505
39.459385 0.280126
39.469383 0.894379
39.479382 0.199583
39.489380 0.274528
39.499378 0.380640
39.509377 0.771928
39.519375 0.237890
39.529373 0.816459
39.539371 0.088603
39.549370 0.075112
39.559368 0.531315
39.569366 0.730481
39.579365 0.761839
39.589363 0.747239
39.599361 0.506650
39.609360 0.901244
39.619358 0.979949
39.629356 0.311346
39.639355 0.695112
39.649353 0.481197
39.659351 0.481201
39.669350 0.082083
39.679348 0.998195
39.689346 0.730285
39.699345 0.026136
39.709343 0.628003
39.719341 0.371160
39.729340 0.540717
39.739338 0.751448
39.749336 0.024043
39.759335 0.300801
39.769333 0.665311
39.779331 0.212935
39.789330 0.751580
39.799328 0.375253
39.809326 0.072620
39.819324 0.212119
39.829323 0.540727
39.839321 0.554752
39.849319 0.230372
39.859318 0.623320
39.869316 0.780953
39.879314 0.364454
39.889313 0.284310
39.899311 0.955463
39.909309 0.266604
39.919308 0.382936
39.929306 0.631323
39.939304 0.917819
39.949303 0.299300
39.959301 0.910333
39.969299 0.878530
39.979298 0.136339
39.989296 0.485579
39.999294 0.213508
40.009293 0.494181
40.019291 0.665680
40.029289 0.782629
40.039288 0.986072
40.049286 0.967664
40.059284 0.542745
40.069283 0.434965
40.079281 0.680069
40.089279 0.146359
40.099277 0.265274
40.109276 0.778575
40.119274 0.793612
40.129272 0.763604
40.139271 0.391291
40.149269 0.475330
40.159267 0.492836
40.169266 0.437638
40.179264 0.033008
40.189262 0.478550
40.199261 0.643166
40.209259 0.544416
40.219257 0.655870
40.229256 0.960709
40.239254 0.288501
40.249252 0.051827
40.259251 0.537057
40.269249 0.986989
40.279247 0.289776
40.289246 0.368806
40.299244 0.437987
40.309242 0.964986
40.319241 0.487035
40.329239 0.495429
40.339237 0.405569
40.349236 0.803331
40.359234 0.730252
40.369232 0.760323
40.379230 0.243636
40.389229 0.372768
40.399227 0.110407
40.409225 0.466226
40.419224 0.648547
40.429222 0.775578
40.439220 0.968701
40.449219 0.115484
40.459217 0.544324
40.469215 0.226873
40.479214 0.851214
40.489212 0.102530
40.499210 0.998457
40.509209 0.058643
40.519207 0.669972
40.529205 0.903487
40.539204 0.668784
40.549202 0.639599
40.559200 0.418478
40.569199 0.692986
40.579197 0.896663
40.589195 0.416407
40.599194 0.937771
40.609192 0.819881
40.619190 0.897102
40.629189 0.021212
40.639187 0.333368
40.649185 0.787126
40.659184 0.531105
40.669182 0.543276
40.679180 0.677778
40.689178 0.932568
40.699177 0.610451
40.709175 0.856645
40.719173 0.899367
40.729172 0.288506
40.739170 0.765236
40.749168 0.949226
40.759167 0.136016
40.769165 0.515713
40.779163 0.487295
40.789162 0.770185
40.799160 0.029406
40.809158 0.035077
40.819157 0.889010
40.829155 0.351726
40.839153 0.238848
40.849152 0.705638
40.859150 0.030894
40.869148 0.157967
40.879147 0.976750
40.889145 0.575581
40.899143 0.869835
40.909142 0.448587
40.919140 0.303358
40.929138 0.332474
40.939137 0.163114
40.949135 0.239371
40.959133 0.786930
40.969131 0.336082
40.979130 0.184675
40.989128 0.407706
40.999126 0.535495
41.009125 0.282353
41.019123 0.226019
41.029121 0.980973
41.039120 0.464764
41.049118 0.137352
41.059116 0.374093
41.069115 0.402845
41.079113 0.488262
41.089111 0.527125
41.099110 0.495381
41.109108 0.980483
41.119106 0.433533
41.129105 0.071707
41.139103 0.174824
41.149101 0.048981
41.159100 0.313358
41.169098 0.522070
41.179096 0.229237
41.189095 0.063136
41.199093 0.852613
41.209091 0.076942
41.219090 0.459558
41.229088 0.646441
41.239086 0.207043
41.249084 0.016811
